#
(10000,1,5056,5055,5049,5044,5050,5055,5049,5038,5033,5028,5017,5012,5018,5023,5017,5012,5007,5001,5006,5011,5016,5022,5023,5018,5013,5019,5024,5018,5013,5019,5030,5036,5042,5048,5043,5032,5021,5015)
(10001,1,5045,5044,5038,5033,5039,5044,5038,5033,5034,5040,5046,5047,5048,5054,5059,5053,5048,5054,5059,5058,5057,5051,5040,5034,5028,5022,5027,5038,5049,5055,5050,5044,5038,5033,5028,5023,5029,5035,5030,5025,5020,5015,5010,5004,5003,5008,5014,5020,5025,5030,5035,5040,5046,5041,5036,5042,5048,5043,5037,5031,5026,5021,5010,5004,5003,5008,5013,5018,5029,5034,5039,5045,5051,5056,5050,5039,5028,5017,5012,5018,5023,5017,5012,5018,5023,5022,5027,5038,5044,5045,5051,5056,5050,5044,5038,5027,5016)
(10002,1,5047,5052,5058,5053,5047,5052,5058,5053,5048,5054,5059,5053,5048,5043,5032,5026,5020,5015,5010,5004)
(10003,1,5002,5007,5013,5008,5002,5001,5000,5005,5011,5017,5028,5033,5027,5022,5017,5012,5018,5023,5017,5012,5018,5029,5035,5041)
(10004,1,5001,5007,5018,5024,5030,5041,5046,5045,5039,5028,5023,5029)
(10005,1,5010,5021,5026,5025,5030,5041,5046,5045,5039,5033,5027,5022,5017,5012,5018,5029,5035,5041,5046,5040,5029,5024,5025,5026,5032,5037,5036,5030,5019,5013,5007,5002,5008,5014,5020,5025,5019,5014,5015,5010,5004,5003,5002,5007,5012,5017,5023,5029,5040,5045,5039,5034,5040,5051)
(10006,1,5048,5043,5032,5026,5020,5015,5010,5004,5003,5008,5014,5020,5026,5032,5043,5054,5059,5053,5047,5041,5036,5042,5048,5043,5032,5021,5015,5020,5031,5036,5030,5024,5018)
(10007,1,5031,5025,5019,5008,5002,5001,5006,5011,5016,5022,5017,5012,5013,5019,5024,5023,5017,5011,5016,5027,5038,5044,5039,5028,5023,5024,5030,5035,5029,5018,5007,5002,5008,5014,5020,5026,5032,5037,5031,5020,5015,5010,5004)
(10008,1,5016,5027,5038,5044,5045,5051,5057,5052,5047,5053,5059)
(10009,1,5028,5033,5027,5022,5028,5033,5027,5016,5011,5017,5028,5033,5027,5022,5023,5018,5013,5014,5020,5025,5019,5008,5003,5009,5014,5019,5024,5018,5013,5008,5002,5001,5006,5011,5016,5027,5033,5034,5029,5024,5019,5013,5007,5001,5000,5005,5011,5006,5000,5005,5016,5027,5033,5034,5029,5023,5022,5027,5038,5049,5055,5056)
(10010,1,5011,5017,5028,5039,5044,5038,5033,5028,5023,5029,5034,5028,5023,5029,5035,5030,5025,5026,5021,5015,5009,5004,5010,5021,5026,5020,5015,5021,5026,5020,5015,5021,5032,5043,5054,5059,5053,5042,5031,5026,5032,5037,5036,5041)
(10011,1,5047,5041,5036,5042,5048,5054,5059,5058,5057,5051,5040,5029,5018,5012,5006)
(10012,1,5006,5017,5023,5024,5025,5031,5037,5043,5048,5053,5058,5052,5047,5053,5058,5052,5046,5040)
(10013,1,5046,5052,5058,5053,5042,5031,5026,5021,5010,5004,5003,5002,5001,5006)
(10014,1,5050,5044,5049,5055,5050,5044,5038,5033,5039,5044,5038,5027,5022,5023,5024,5019,5008,5002,5001,5000,5005,5011,5006,5001,5007,5012,5017,5023,5029,5040,5051,5056,5055,5049,5038,5027,5016,5011,5017,5028,5039,5044,5038,5033,5028,5023,5018,5007,5002,5008,5014,5020,5025,5024,5018,5007,5002,5008,5014,5020,5031,5036,5030,5025,5020,5015)
(10015,1,5013,5019,5024,5023,5028,5034,5040)
(10016,1,5053,5047,5041,5035,5040,5051,5056,5050,5045,5046,5041,5030)
(10017,1,5007,5018,5024,5025,5031,5036,5030,5025,5020,5014,5008,5003,5009,5014,5008,5003,5009,5020,5026,5032,5037,5031,5026,5021,5010,5004,5003,5002,5007,5013,5008,5003,5004,5010,5015,5014,5008,5003,5009,5015,5010,5004,5009,5020,5025,5024,5023,5028,5033,5038,5049,5055,5050,5045,5040,5035,5041,5052,5058,5053,5048,5054,5059,5053,5047,5046,5045,5050,5056)
(10018,1,5038,5033,5028,5023,5024,5030,5036,5031,5026,5032,5037,5036,5035,5034,5039,5044,5049,5055,5056,5057,5058,5053,5048,5043,5032,5021,5010,5004)
(10019,1,5033,5038,5044,5039,5034,5035,5036,5037,5032,5021,5010,5004,5003,5002,5001,5000)
(10020,1,5045,5051,5057,5058,5053,5048,5043,5032,5021,5010,5004,5009,5014,5008)
(10021,1,5056,5057,5052,5047,5042,5037,5032,5026,5020,5014,5008)
(10022,1,5021,5026,5020,5015,5010,5004,5009,5015,5010,5004,5009,5014,5008,5003,5009,5020,5025,5019,5014,5009,5003,5008,5014,5020,5031,5037,5043,5054)
(10023,1,5003,5002,5001,5006,5011,5016,5027,5038,5049,5055,5050,5045,5051,5057)
(10024,1,5006,5001,5002,5008,5014,5015,5021,5032,5043,5048,5042,5036,5041,5046,5045)
(10025,1,5049,5038,5033,5039,5050,5055,5049,5044,5050,5056,5057,5052,5047,5042,5037,5043,5048,5042,5037,5043,5054,5059,5058,5057,5051,5046,5041,5030,5024,5023,5017,5012,5018,5029,5035,5041,5052,5058,5059,5054,5048,5053,5058,5052,5047,5048,5043,5032,5026,5020,5014,5008,5002,5001,5006,5011,5016,5022,5028,5033,5038,5044,5039,5033,5038,5049,5055,5056,5051,5045,5039,5028,5017,5012,5013,5019,5024,5029,5040,5046,5041,5030,5025,5020,5014,5013,5012,5006,5001,5002,5003)
(10026,1,5002,5008,5013,5018,5029,5034,5039,5045,5051)
(10027,1,5002,5008,5013,5018,5029,5040,5046,5047,5053,5058,5052,5047,5053,5058,5052,5047,5053,5059,5054)
(10028,1,5005,5011,5006,5001,5002,5008,5013,5007,5002,5003,5009,5020,5025,5019,5008,5003,5009,5015,5010,5004,5003,5008,5019,5024,5029,5035,5041,5052,5057,5056,5050,5045,5040,5034,5028,5023,5018,5013,5019,5030,5035,5034,5039,5045,5051,5056,5055,5049,5038,5033,5034,5040,5045,5039,5028,5023,5029,5040,5046,5047)
(10029,1,5023,5022,5027,5038,5044,5050,5056)
(10030,1,5001,5002,5003,5004,5010,5021,5032)
(10031,1,5037,5043,5048,5042,5036,5030,5024,5018,5013,5019,5030,5041,5046,5045,5044,5049,5055,5050,5039,5033,5027,5022,5017,5012,5007,5002)
(10032,1,5057,5056,5055,5049,5038,5033,5039,5044,5038,5027)
(10033,1,5010,5004,5003,5002,5007,5018,5023,5017,5011,5016,5022,5028,5033,5027,5022,5023,5018,5007,5001,5000,5005,5016,5027,5038,5049,5055,5056,5057,5058,5053,5042,5037,5043)
(10034,1,5030,5025,5020,5014,5008,5003,5009,5014,5008,5003,5004,5010,5015,5009,5004,5010,5015,5009,5004,5010,5021,5026,5031,5036,5030,5025,5020,5009,5004,5010,5015,5014,5013,5007,5001,5000)
(10035,1,5059,5053,5048,5043,5032,5021,5010,5004,5003,5002,5007,5012,5011,5005)
(10036,1,5034,5029,5024,5030,5041,5052,5057,5051,5046,5052,5057,5051,5040,5035,5036,5042,5053,5058,5052,5046,5051,5057,5058,5053,5042,5037,5043,5054,5059,5053,5048,5054,5059,5058,5052,5046,5051,5056,5055,5049,5044,5050,5055,5049,5038,5027,5016,5005,5000)
(10037,1,5025,5030,5041,5047,5053,5058,5057,5051,5046,5052,5057,5051,5040,5035,5041,5047,5048,5043,5037,5031,5026,5032,5043,5048,5053,5058,5057,5051,5040,5034,5039,5044,5049,5055,5050,5044,5038,5027,5016,5011,5006,5001,5002,5008,5019,5025,5031,5036,5030,5025,5026,5021,5010,5004,5003,5002,5007,5013,5019,5030,5036,5037,5043,5048,5047,5052,5057,5051,5046,5041,5035,5029,5024,5025,5020,5009,5003,5002,5001,5006,5017,5028,5039,5045,5046,5047,5042,5037,5032,5021,5010,5004,5003,5008,5013,5007,5001,5006,5012,5007,5002,5008,5019,5025,5031,5037,5043,5054)
(10038,1,5030,5024,5029,5034,5028,5017,5006,5000,5005,5011,5017,5028,5033,5038,5049,5055,5056,5057,5058,5059,5054,5043,5037,5031,5025,5019,5008,5002)
(10039,1,5030,5036,5037,5043,5054,5059)
(10040,1,5033,5027,5016,5005,5000)
(10041,1,5022,5027,5033,5039,5050,5055,5049,5044,5039,5034,5040,5051)
(10042,1,5029,5018,5007,5002,5008,5014,5020,5025,5019,5014,5015,5021,5026,5025,5019,5013,5012,5006)
(10043,1,5050,5044,5049,5055,5056,5057,5058,5059,5054,5043,5032,5021,5010,5004,5003,5002)
(10044,1,5055,5050,5044,5038,5027)
(10045,1,5020,5009,5004,5010,5021,5032,5043,5054)
(10046,1,5047,5041,5036,5031,5026,5032,5037,5036,5030,5025,5026,5021,5010,5004,5003,5002,5001,5006,5017,5028,5034,5029,5018)
(10047,1,5053,5058,5052,5041,5036,5031,5025,5019,5008,5003)
(10048,1,5002,5008,5014,5015,5021,5026,5020,5015,5021,5026,5020,5014,5019,5025,5020,5014,5008,5003,5009,5014,5013,5007,5002,5003,5009,5014,5019,5025,5031,5042,5048,5043,5037,5031,5026,5032,5037,5031,5026,5021,5010,5004,5003,5008,5013,5007,5002,5008,5014,5020,5025,5024,5029,5035,5036,5042,5048,5043,5037,5031,5026,5021,5010,5004,5009,5020,5025,5030,5035,5029,5023,5022,5016,5011,5012,5018,5029,5034,5039,5044,5038,5027,5022,5028,5033,5038,5049,5055,5050,5044,5038,5033,5039,5050,5056,5057)
(10049,1,5043,5048,5053,5058,5052,5047,5042,5036,5030,5025,5031,5036,5041,5052,5057,5051,5046,5052,5058,5059,5054,5048,5047,5052,5058,5059,5054,5043,5032,5021,5010,5004,5009,5020,5026,5021,5015,5014,5008,5003,5004,5010,5021,5026,5020,5015,5010,5004,5009,5014,5008,5002,5007,5012,5006,5001,5007,5012,5006,5000)
(10050,1,5051,5040,5029,5023,5017,5006,5001,5002,5008,5014,5009,5003,5002,5007,5012,5006,5000,5005,5011,5006,5000,5005,5016)
(10051,1,5019,5014,5020,5026,5021,5010,5004,5009,5014,5008,5003,5009,5014,5019,5024,5018,5013,5019,5024,5018,5013,5014,5009,5004,5010,5021,5026,5020,5009,5004,5010,5021,5026,5020,5009,5004,5010,5015,5020,5025,5019,5008,5003,5004,5010,5015,5020,5031,5036,5030,5024,5023,5017,5012,5018,5024,5019,5008,5002,5007,5012,5011,5016,5027,5038,5049,5055,5050,5045,5046,5052)
(10052,1,5007,5013,5008,5002,5007,5013,5019,5030,5036,5031,5020,5009,5004,5010,5015,5009,5004,5010,5021,5026,5020,5014,5008,5003,5009,5014,5008,5003,5004,5010,5021,5032,5043,5048,5042,5037,5043,5054,5059,5058,5057,5056,5055)
(10053,1,5004,5003,5002,5007,5018,5023,5022,5027,5038,5044,5050,5055,5049,5044,5045)
(10054,1,5054,5059,5053,5047,5041,5035,5034,5039,5044,5049,5055,5050,5045,5040,5029,5018,5013,5019,5025,5031,5036,5030,5019,5014,5009,5004,5010)
(10055,1,5025,5030,5036,5042,5047,5052,5058)
(10056,1,5035,5034,5033,5027,5016,5011,5006,5001)
(10057,1,5049,5044,5050,5055,5049,5044,5039,5034,5040,5045,5039,5033,5038,5044,5039,5034,5040,5051,5057,5052,5046,5040,5029,5024,5030,5035,5040,5051,5056,5050,5039,5034,5029,5024,5019)
(10058,1,5051,5057,5052,5047,5048,5054,5059,5058,5057,5056,5050,5039,5033,5027,5016,5005)
(10059,1,5057,5051,5040,5029,5023)
(10060,1,5006,5012,5018,5023,5028,5034,5040)
(10061,1,5050,5055,5049,5044,5050,5055,5049,5044,5045,5046,5041,5035,5040,5045,5039,5028,5017,5006,5001,5002,5003,5009,5014,5008,5003,5009,5015,5010,5004,5003,5008,5014,5009,5003,5002,5007,5013,5008,5003,5009,5015,5021,5032,5043,5054,5059,5058,5052,5041,5036,5031,5025,5019,5013,5007,5001,5006,5011)
(10062,1,5017,5006,5000,5005,5016,5027,5033,5034,5035,5030,5019,5014,5020,5031,5036,5030,5024,5029,5034,5033,5038,5049,5055,5050,5044,5038,5027,5022,5028,5034,5040,5045,5050,5056,5057,5058)
(10063,1,5021,5032,5043)
(10064,1,5028,5034,5040,5045,5050,5055,5049,5044,5050,5055,5049,5038,5027,5016,5011,5017,5023,5024,5025,5026,5032,5043,5054,5059,5058,5057)
(10065,1,5021,5026,5020,5009,5003,5002,5001,5006,5011,5016,5027,5033,5034,5035,5041,5046,5051)
(10066,1,5043,5032,5021,5010)
(10067,1,5054,5059,5053,5048,5043,5032,5021,5010,5004,5003,5008)
(10068,1,5014,5009,5004,5010,5021,5032,5037,5036,5030,5025,5031,5042,5047,5052,5057,5051,5045,5044,5038,5033,5034,5035,5030,5025,5020,5014,5008,5003,5004,5010,5021,5026,5031,5037,5043,5054,5059,5058,5057,5056)
(10069,1,5055,5056,5051,5046,5052,5057,5051,5046,5047,5042,5037,5032,5021,5010,5004,5003)
(10070,1,5035,5041,5046,5040,5035,5041,5047,5053,5059,5054,5048,5042,5036,5030,5025,5026,5032,5037,5036,5035,5029,5018,5007)
(10071,1,5036,5035,5034,5039,5044,5049,5055,5050,5044,5038,5033,5039,5050,5056,5057,5052,5047,5048,5043,5037,5042,5047,5046,5040,5035,5030,5025,5031,5036,5035,5029,5023,5028,5033,5027,5022,5023,5024,5025,5031,5042,5047,5041,5036,5031,5026,5021,5010,5004)
(10072,1,5010,5004,5003,5002,5007,5018,5024,5030,5035,5034,5039,5045,5046,5041,5035,5040,5046,5052,5057,5056,5050,5044,5038,5033,5034,5040,5045,5044,5049,5055,5056,5057,5058,5059,5054)
(10073,1,5045,5050,5056,5051,5040,5034,5028,5022,5016)
(10074,1,5049,5055,5056,5051,5046,5052,5058,5059,5054,5043,5037,5036,5030,5025,5026,5032,5037,5031,5020,5015,5021,5032,5037,5031,5025,5019,5014,5020,5025,5019,5008,5002,5007,5012,5006)
(10075,1,5017,5022,5016,5011,5017,5028,5039,5045,5051,5057,5058,5053)
(10076,1,5004,5009,5020,5026,5032,5037,5031,5025,5019,5014,5020,5031,5036,5030,5019,5014,5015,5021,5026,5031,5037,5043,5048,5047,5046,5051,5056,5050)
(10077,1,5008,5013,5012,5006,5001,5007,5012,5006,5001,5002,5008,5014,5015,5021,5026,5020,5014,5019,5030,5041,5052,5057,5056,5050)
(10078,1,5050,5044,5049,5055,5050,5045,5046,5041,5036,5037,5043,5048,5047,5046,5040,5034,5039,5045,5051,5057,5058,5059,5054,5048,5047,5041,5035,5040,5045,5039,5028,5023,5024,5025,5031,5042,5053,5058,5057,5051,5046,5052,5057,5051,5046,5052,5057,5051,5046,5052,5057,5051,5046,5047,5042,5037,5032,5026,5020,5015,5010,5004,5003,5002,5007,5012)
(10079,1,5013,5014,5020,5031,5036,5030,5019,5014,5020,5031,5042,5047,5052,5057,5051,5045,5050)
(10080,1,5019,5014,5009,5004,5010,5015,5009,5004,5010,5015,5009,5003,5002,5001,5000,5005,5011,5017,5023,5029,5035,5041,5047,5048,5054,5059)
(10081,1,5019,5030,5035,5029,5023,5022,5016,5011,5012,5013,5014,5009,5003,5008,5014,5015,5021,5026,5031,5042,5047,5052,5057,5051,5040,5035,5041,5052,5058,5059,5054)
(10082,1,5038,5049,5055,5050,5044,5038,5027,5016,5005)
(10083,1,5010,5004,5003,5002,5001,5000,5005,5016,5027,5038,5049,5055)
(10084,1,5046,5040,5029,5024,5030,5041,5046,5040,5029,5024,5025,5020,5009,5004,5010,5015,5014,5019,5024,5018,5007,5002)
(10085,1,5019,5013,5007,5002,5003,5009,5015,5010,5004,5009,5014,5019,5025,5026,5021,5010,5004,5009,5014,5008,5002,5001,5006,5011,5016,5027,5033,5028,5022,5016,5011,5017,5023,5018,5013,5008,5003,5004,5010,5015,5014,5013,5007,5002,5008,5013,5012,5006,5000,5005,5016,5022,5028,5033,5027,5022,5028,5033,5027,5016,5011,5017,5022,5027,5038,5044,5045,5040,5035,5041,5046,5040,5035,5030,5025,5031,5042,5053)
(10086,1,5024,5023,5017,5012,5013,5008,5003,5009,5020,5026,5032,5037,5031,5025,5019,5014,5020,5025,5019,5014,5015,5021,5026,5020,5014,5013,5018,5023,5022,5027,5033,5028,5022,5027,5038,5049,5055,5056,5057,5058)
(10087,1,5052,5046,5040,5029,5024,5019)
(10088,1,5037,5043,5054,5059,5053,5048,5054,5059,5058,5052,5041,5030,5019,5008)
(10089,1,5059,5053,5048,5054,5059,5053,5047,5041,5036,5037,5043,5054,5059,5053,5048,5054,5059,5053,5042,5036,5030,5024,5029,5035,5036,5042,5047,5046,5051,5056,5050,5039,5034,5040,5045,5039,5034,5029,5023,5022,5016)
(10090,1,5015,5014,5008,5003,5004,5010,5015,5009,5003,5002,5001,5000,5005,5016,5027,5033,5034,5029,5024,5025,5020,5009,5004,5010,5021,5032,5037,5036,5030,5025,5031,5036,5035,5034,5028,5017,5006,5001,5002,5008,5013,5007,5002,5008,5013,5007,5002,5003,5009,5020,5026,5021,5010,5004,5009,5015,5021,5026,5025,5024,5029,5034,5039,5044,5049,5055,5056,5057,5058,5059,5054)
(10091,1,5052,5047,5053,5058,5052,5047,5053,5059,5054,5043,5037,5036,5030,5025,5026,5032,5037,5031,5026,5032,5043,5048,5047,5041,5036,5042,5053,5059,5054,5043,5032,5021,5010,5004,5003,5008,5019,5030,5036,5042,5048,5054,5059,5053,5048,5043,5037,5036,5030,5019,5014,5020,5031,5042,5047,5041,5030,5024,5018)
(10092,1,5007,5018,5024,5019,5013,5007,5001,5006,5017,5022,5027,5038,5044,5039,5033,5027,5022,5028,5034,5040,5045,5039,5034,5040,5045,5044,5049,5055,5056,5051,5045,5039,5028,5023,5018,5013,5008,5002,5007,5018,5024,5030,5035,5029,5018,5012,5017,5022,5016,5011,5006,5001,5002,5008,5013,5007,5002,5008,5013,5012,5011,5016,5027,5033,5039,5045,5051,5057)
(10093,1,5040,5034,5028,5023,5018,5013,5019,5025,5031,5036,5035,5034,5033,5038,5049,5055,5050,5039,5028,5023,5024,5030,5041,5047,5053,5058,5052,5047,5053,5058,5052,5046,5040,5035,5041,5052,5057,5051,5045,5050,5055,5049,5044,5045,5051,5057,5052,5047,5042,5031,5020,5015,5021,5026,5025,5019,5014,5020,5031,5042,5048,5054,5059,5053,5042,5031,5025,5019,5008,5003,5009,5014,5008,5003,5009,5014,5019,5025,5020,5015,5021,5026,5020,5015,5010)
(10094,1,5055,5050,5039,5033,5038,5044,5050,5055,5049,5044,5039,5028,5023,5024,5025,5026,5032,5043,5054,5059,5053,5042,5031,5025,5019,5013,5007,5001,5000,5005)
(10095,1,5017,5028,5034,5029,5018,5007,5001,5000,5005,5016,5027,5038,5044,5039,5034,5040,5045,5039,5033,5027,5016,5011,5006,5001,5007,5012,5017,5028,5033,5027,5022,5023,5024,5030,5036,5042,5047,5046,5051)
(10096,1,5030,5036,5042,5053,5058,5052,5047,5048,5043,5032,5021,5015,5020,5025,5019,5014,5020,5026,5021,5015,5020,5026,5021,5010,5004,5009,5014,5008,5002,5007,5012,5006,5001,5007,5012,5006,5001,5007,5012,5006,5001,5002,5003,5004,5010,5015,5020,5026,5032,5043,5048,5047,5052,5058,5059)
(10097,1,5025,5031,5037,5043,5054,5059,5058)
(10098,1,5045,5044,5049,5055,5050,5044,5038,5027,5022,5017,5012)
(10099,1,5026,5020,5015,5021,5032,5043,5048,5053,5059)
(10100,1,5029,5024,5019,5014,5020,5031,5036,5041,5052,5057,5051,5045,5039,5034,5029,5024,5019,5014,5020,5031,5042,5053,5059,5054,5048,5042,5031,5020,5015,5010,5004,5003,5002,5001)
(10101,1,5015,5021,5026,5020,5015,5021,5032,5037,5042,5047,5052,5057,5051,5040,5029,5024,5030,5035,5034,5039,5050,5056,5057,5058,5059,5054)
(10102,1,5053,5059,5054,5043,5032,5021,5015,5020,5031,5036,5035,5029,5018)
(10103,1,5025,5019,5014,5020,5025,5024,5029,5040,5046,5041,5035,5040,5045,5039,5033,5027,5022,5028,5034,5040,5045,5044,5038,5033,5039,5044,5038,5033,5034,5040,5045,5039,5034,5035,5041,5052,5057,5056,5055,5049,5038,5033,5034,5029,5024,5019,5014,5020,5025,5024,5029,5040,5045,5039,5033,5027,5016,5011,5006,5000,5005,5016,5022,5028,5033,5038,5049,5055,5050,5039,5028,5022,5016,5011,5017,5022,5027,5038,5044,5050,5055,5049,5044,5045,5051,5057,5058)
(10104,1,5055,5049,5044,5050,5056,5057,5058,5059,5054,5048,5053,5059,5054,5043,5032,5021,5015,5014,5008,5003,5009,5014,5019,5025,5020,5015,5021,5026,5031,5037,5032,5021,5010,5004,5003,5002)
(10105,1,5009,5003,5002,5007,5018,5029,5040,5045,5050)
(10106,1,5014,5015,5021,5032,5043,5054,5059)
(10107,1,5053,5058,5052,5046,5040,5035,5036,5037,5043,5048,5042,5037,5043,5048,5042,5036,5035,5029,5024,5030,5036,5042,5047,5052,5057,5051,5040,5034,5039,5044,5038,5033,5039,5044,5049,5055,5056,5057,5058,5059,5054,5043,5032,5026,5031,5037,5032,5026,5031,5042,5053,5059,5054,5043,5032,5021,5010)
(10108,1,5038,5049,5055,5050,5044,5038,5027,5022,5023,5024,5030,5036,5031,5026,5032,5037,5031,5020,5015,5021,5026,5020,5015,5010,5004,5003,5002,5007,5012,5011,5005)
(10109,1,5036,5035,5029,5024,5030,5041,5046,5040,5035,5041,5046,5040,5029,5018,5012,5006,5000)
(10110,1,5044,5049,5055,5056,5057,5052,5041,5035,5029,5024,5030,5041,5047,5053,5058,5052,5047,5042,5031,5025,5030,5041,5047,5053,5059,5054,5048,5042,5036,5030,5024,5018,5012,5006,5001,5007,5018,5023,5017,5012,5018,5029,5034,5039,5044,5049,5055,5050,5039,5033,5038,5044,5039,5033,5038,5044,5050,5056,5051,5046,5047,5048,5054,5059,5058,5052,5047,5042,5037,5032,5026,5020,5015,5021,5026,5020,5009,5003)
(10111,1,5038,5049,5055,5056,5057,5058,5053,5042,5036,5041,5046,5040,5035,5036,5042,5048,5054,5059,5053,5048,5054,5059,5058,5057,5056,5050,5045,5046,5052,5058,5053,5042,5036,5030,5024,5029,5035,5041,5052,5058,5053,5047,5041,5035,5029,5018,5007,5001,5000)
(10112,1,5034,5040,5051,5057,5052,5046,5040,5035,5036,5037,5032,5026,5020,5015,5021,5032,5037,5031,5025,5030,5041,5046,5045,5050,5055,5049,5038,5033,5034,5035,5041,5052,5058,5059,5054,5048,5042,5037,5043,5048,5042,5031,5026,5021,5010,5004,5003,5002,5007,5018,5024,5025,5026,5032,5037,5042,5047,5046,5040,5029,5024,5025,5031,5037,5043,5048,5053,5059,5054,5048,5042,5036,5041,5046,5040,5034,5028,5017,5011,5005,5000)
(10113,1,5037,5032,5026,5031,5036,5030,5024,5018,5012,5017,5028,5034,5029,5023,5022,5016,5011,5017,5022,5016,5011,5017,5022,5027,5033,5039,5050,5055,5049,5038,5033,5028,5022,5027,5038,5049,5055,5050,5045,5040,5034,5039,5045,5051,5057,5052,5041,5035,5029,5018,5012,5011,5005)
(10114,1,5049,5044,5050,5055,5049,5038,5027,5016,5011,5012)
(10115,1,5008,5003,5009,5015,5021,5026,5031,5036,5030,5019,5014,5020,5031,5042,5053,5058,5052,5046,5040,5035,5041,5052,5058,5059,5054)
(10116,1,5013,5019,5030,5035,5029,5023,5017,5006,5001,5007,5013,5008,5002,5001,5000,5005,5011,5017,5022,5027,5038,5049,5055,5056,5051)
(10117,1,5039,5034,5029,5024,5030,5035,5040,5045,5044,5038,5027,5022,5023,5024,5030,5035,5029,5018,5012,5006)
(10118,1,5038,5033,5039,5045,5040,5035,5036,5037,5032,5021,5010,5004,5003,5002,5007,5018,5029,5035,5036,5042,5053,5058,5052,5047,5042,5036,5041,5052,5057,5056,5050,5044,5049,5055,5050,5044,5038,5027,5016,5011,5006)
(10119,1,5037,5043,5048,5042,5036,5035,5040,5045,5039,5033,5027,5016,5011,5012,5013,5019,5024,5029,5040,5046,5052,5057,5051,5045,5044,5038,5033,5034,5035,5036,5042,5047,5046,5040,5029,5023,5017,5006,5001,5007,5013,5019,5024,5018,5013,5014,5020,5026,5032,5037,5042,5053,5058,5052,5047,5042,5036,5041,5052,5058,5059,5054,5048,5042,5037,5032,5026,5020,5014,5008,5003)
(10120,1,5028,5023,5018,5007,5001,5000)
(10121,1,5045,5051,5057,5058,5053,5042,5031,5026,5021,5010,5004,5009,5015,5021,5026,5031,5037,5043,5054,5059,5053,5048,5043,5037,5031,5026,5032,5043,5048,5042,5037,5043,5048,5053,5059,5054,5043,5032,5021,5010,5004,5009,5020,5026,5032,5037,5042,5048,5043,5032,5026,5025,5019,5014,5009,5003,5008,5014,5015,5021,5026,5031,5036,5030,5019,5014,5020,5025,5019,5008,5002,5001,5000,5005,5011)
(10122,1,5047,5046,5045,5044,5049,5055,5050,5039,5033,5038,5049,5055,5056,5057,5058,5059,5054,5043,5037,5031,5026,5021,5010,5004,5003)
(10123,1,5008,5013,5018,5029,5035,5036,5042,5047,5052,5057)
(10124,1,5035,5041,5052,5058,5059,5054,5048,5042,5037,5043,5048,5047,5046,5051,5056,5055,5049,5038,5027,5022,5028,5034,5040,5045,5039,5034,5029,5023,5017,5012,5018,5024,5030,5035,5034,5039,5045,5046,5052,5057,5051,5045,5044,5038,5033,5028,5023,5024,5019,5014,5020,5031,5036,5035,5029,5023,5017,5011,5016,5022,5023,5029,5034,5039,5044,5038,5033,5039,5044,5049,5055,5056,5057,5058,5059,5054,5043,5037,5036,5030,5024,5018,5013,5008,5003,5009,5020,5025,5019,5014,5015,5010,5004,5003,5002)
(10125,1,5016,5011,5017,5022,5027,5033,5028,5023,5029,5040,5045,5044,5038,5033,5039,5050)
(10126,1,5010,5015,5009,5003,5008,5013,5018,5024,5025,5020,5009,5004,5010,5021,5026,5020,5009,5004,5010,5021,5032,5043,5048,5042,5031,5020,5009,5003,5008,5013,5007,5002,5008,5013,5018,5029,5034,5033,5038,5044,5050,5055,5049,5044,5039,5033,5038,5049,5055,5056,5051,5045,5050,5056,5057)
(10127,1,5043,5054,5059,5058,5052,5041,5036,5031,5020,5009,5004,5010,5021,5026,5020,5015,5010,5004,5009,5020,5025,5019,5008)
(10128,1,5026,5021,5015,5020,5031,5042,5053)
(10129,1,5009,5015,5010,5004,5009,5014,5008,5003,5009,5020,5026,5032,5037,5031,5026,5032,5043,5054,5059,5053,5048,5054,5059,5058,5052,5041,5036,5031,5026,5021,5010,5004,5003,5008,5014,5020,5025,5024,5029,5034,5039)
(10130,1,5040,5051,5057,5058,5053,5048,5054,5059,5053,5048,5043,5032,5021,5015,5009,5003,5002)
(10131,1,5005,5016,5027,5038,5044,5045,5051,5057,5058,5053,5048,5043,5032,5026,5025,5024,5029,5034,5039,5044,5049)
(10132,1,5036,5030,5024,5029,5034,5033,5038,5049,5055,5056,5057,5058,5059,5054,5043,5032,5021,5010,5004,5003,5002,5007,5013,5019,5024,5029,5040,5045,5050,5055,5049,5044,5050,5056,5051,5046,5052,5057,5051,5040,5029,5023,5022,5016,5011,5017,5022,5027,5038,5044,5050,5056,5057,5052,5047,5048,5054,5059,5053,5042,5037,5043,5048,5053,5059,5054,5048,5042,5036,5041,5047,5053,5059,5054,5043,5032,5026,5025,5024,5018,5012,5011,5016,5022,5028,5039,5044,5049,5055,5050,5045,5051,5056,5050,5039,5033,5027,5016,5005,5000)
(10133,1,5051,5046,5052,5057,5051,5040,5035,5041,5046,5040,5035,5030,5019,5013,5012,5017,5028,5033,5027,5016,5011,5012,5013,5008,5003)
(10134,1,5019,5008,5002,5001,5000,5005,5016,5022,5028,5033,5027,5022,5028,5033,5038,5049,5055,5050,5045,5051,5056,5055,5049,5038,5033,5034,5040,5046,5052,5057,5051,5046,5052,5057,5051,5040,5034,5028,5023,5029,5034,5033,5027,5016,5011,5006,5000,5005,5011,5012,5018,5023,5028,5033,5027,5022,5023,5029,5035,5041,5052,5057,5056,5050,5039,5028,5023,5018,5007,5002,5008,5014,5015,5010,5004,5003,5002,5007,5013,5019,5024,5029,5035,5041,5047,5053,5059)
(10135,1,5049,5055,5050,5045,5051,5056,5050,5044,5049,5055,5056,5057,5052,5047,5053,5059,5054,5048,5053,5058,5057,5051,5045,5039,5028,5023,5029,5040,5045,5050,5055,5049,5038,5033,5034,5040,5051,5057,5058,5059,5054,5048,5042,5031,5025,5030,5041,5052,5057,5051,5045,5039,5033,5027,5022,5028,5033,5027,5022,5023,5029,5034,5028,5022,5016)
(10136,1,5038,5049,5055,5050,5039,5028,5022,5016,5011,5012,5007,5001,5000)
(10137,1,5010,5015,5014,5008,5003,5009,5014,5013,5012,5011,5016,5027,5033,5034,5040,5045,5039,5028,5023,5018,5013,5014,5009,5004,5010,5015,5009,5004,5010,5015,5014,5013,5007,5002,5008,5014,5009,5004,5010,5015,5020,5026,5021,5010,5004,5003,5002,5001,5000,5005,5016,5027,5033,5039,5045,5051,5056,5050,5045,5051,5056,5050,5044,5038,5033,5039,5044,5038,5033,5034,5035,5036,5042,5053,5058,5052,5047,5053,5059,5054)
(10138,1,5004,5003,5002,5007,5018,5023,5017,5006,5001,5007,5018,5029,5035,5041,5046,5040,5034,5033,5027,5022,5023,5029,5034,5033,5038,5049,5055,5056)
(10139,1,5016,5027,5038)
(10140,1,5002,5008,5013,5012,5006,5000,5005,5016,5022,5017,5012,5013,5014,5020,5031,5042,5047,5041,5035,5040)
(10141,1,5058,5053,5048,5054,5059,5053,5047,5046,5051,5056,5050,5045,5046,5041,5036,5042,5053,5058,5052,5041,5036,5042,5048,5054,5059,5058,5052,5041,5035,5029)
(10142,1,5011,5006,5000,5005,5016,5027,5038,5049,5055,5056,5051,5046,5047,5053,5059,5054)
(10143,1,5011,5006,5000,5005,5016,5027,5038)
(10144,1,5008,5019,5024,5023,5022,5016,5011,5017,5028,5039,5050,5055,5049,5038,5033,5039,5044,5038,5027,5016,5011,5006,5001,5002,5003,5009,5014,5013,5018,5024,5019,5014,5020,5031,5036,5041,5052,5057,5056,5050,5039,5028,5023,5024,5030,5041,5047,5042,5031,5026,5032,5037,5036,5041,5047,5053,5059)
(10145,1,5018,5013,5019,5024,5018,5013,5014,5020,5025,5030,5035,5034,5033,5027,5016,5011,5017,5022,5027,5033,5039,5044,5049,5055,5056,5051,5046,5047,5042,5036,5041,5046,5045,5039,5033,5027,5016,5011,5012,5018,5029,5040,5045,5050,5056,5051,5040,5034,5033,5038,5049,5055,5056,5057,5058,5053,5048,5054)
(10146,1,5005,5016,5022,5028,5033,5038,5044,5050,5055,5049,5044,5050,5056,5057,5058,5059,5054,5043,5032,5021,5015,5009,5004,5010,5021,5032,5037,5031,5026,5021,5010,5004,5003,5002,5001,5000,5005,5011,5017,5022,5016,5011,5012,5013,5008,5003,5009,5014,5013,5007,5001,5000,5005,5016,5027,5038,5049,5055,5056,5057,5058,5059,5054,5043,5032,5026,5025,5030,5035,5029,5024,5019,5014,5020,5025,5030,5041,5052,5057,5056,5055,5049,5044,5045)
(10147,1,5041,5052,5057,5056,5055,5049,5044,5050,5055,5049,5044,5045,5040,5034,5028,5023,5018,5013,5019,5030,5036,5031,5020,5014,5008)
(10148,1,5007,5018,5029,5035,5041,5047,5042)
(10149,1,5028,5022,5016,5005,5000)
(10150,1,5016,5027,5038,5044)
(10151,1,5034,5033,5038,5049,5055,5050,5044,5038,5033,5039,5044,5038,5027,5016,5011,5017,5022,5016,5011,5017,5028,5033,5027,5016,5011,5012,5018,5023,5017,5006,5001,5007,5012,5006,5001,5007,5018,5029,5040,5045,5039,5034,5029,5023,5017,5006,5001,5007,5012,5006,5001,5007,5012,5011,5016,5027,5038,5049,5055,5050,5045,5046,5052,5058,5053,5048,5043,5032,5021,5010,5004,5003,5008,5014,5009,5003,5002,5001,5000)
(10152,1,5003,5002,5007,5013,5008,5003,5009,5014,5013,5007,5001,5000,5005,5016,5027,5038,5049,5055,5056,5057,5058,5053,5048,5043,5032,5026,5020,5009,5004,5010,5015,5009,5004,5010,5021,5026,5025,5019,5008,5002,5001,5006,5017,5022,5016,5011,5017,5028,5034,5040)
(10153,1,5032,5026,5020,5009,5003)
(10154,1,5039,5034,5035,5041,5047,5042,5037,5032,5026,5025,5030,5035,5040,5045,5039,5028,5017,5012,5007,5002)
(10155,1,5034,5039,5050,5056,5057,5052,5047,5053,5059,5054,5043,5037,5031,5025,5024,5018,5013,5019,5030,5036,5037,5043,5054,5059,5058,5057,5051,5046,5041,5036,5031,5026,5021,5010,5004,5003,5008,5013,5007)
(10156,1,5029,5024,5019,5014,5015,5021,5026,5020,5014,5008,5003,5009,5020,5025,5030,5036,5031,5020,5009,5004,5010,5015,5014,5013,5012,5017,5023,5018,5013,5014,5020,5026,5032,5043,5054,5059,5053,5042,5031,5026,5032,5043,5048,5042,5036,5030,5024,5018,5012,5006)
(10157,1,5002,5008,5013,5018,5024,5030,5041,5046,5040,5035,5041,5052,5058,5059,5054,5048,5047,5052,5057,5051,5040,5035,5036)
(10158,1,5009,5004,5010,5015,5009,5003,5008,5014,5020,5025,5024,5029,5035,5041,5052,5057,5056)
(10159,1,5046,5052,5057,5056,5050,5039,5033,5027,5022,5023,5029,5035,5041,5046,5040,5029,5023,5017,5011,5016,5027,5033,5039,5044,5038,5033,5039,5045,5051,5056,5050,5045,5040,5034,5033,5038,5044,5045,5051,5057,5052,5041,5035,5029,5018,5013,5014,5020,5031,5042,5053,5058,5057,5056,5050,5045,5051,5056,5055,5049,5044,5039,5028,5022,5016,5005)
(10160,1,5023,5018,5012,5006,5001,5002,5008,5013,5018,5029,5034,5028,5023,5029,5035,5041,5046,5040,5035,5036,5042,5048,5054,5059,5058)
(10161,1,5006,5000,5005,5016,5027,5033,5028,5023,5029,5034,5033,5038,5049,5055,5050,5045,5046,5047,5048)
(10162,1,5035,5041,5052,5057,5051,5046,5052,5058,5053,5048,5054,5059,5053,5047,5041,5030,5025,5026,5021,5010,5004,5003,5008,5013,5018,5024,5030,5041,5046,5040,5035,5036,5031,5026,5032,5037,5042,5048,5054,5059,5053,5047,5052,5058,5053,5042,5037,5032,5021,5015,5020,5025,5030,5036,5037,5032,5026,5020,5015,5010,5004,5009,5014,5008,5002,5007,5013,5019,5025,5031,5042,5047,5041,5030,5025,5020,5015,5021,5032,5037,5036,5035,5034,5028,5022,5027,5033,5039,5044,5049,5055,5056,5057,5058,5059,5054,5043,5037,5031,5020,5015,5010,5004,5009,5014,5013,5018,5029,5035,5030,5024,5018,5013,5008,5002,5007,5012,5006,5000)
(10163,1,5048,5043,5032,5021,5010,5004,5009,5020,5026,5021,5010,5004,5009,5020,5025,5024,5018,5007,5002,5003,5009,5015,5021,5026,5020,5015,5021,5032,5043,5054,5059,5058,5052,5047,5053,5058,5057,5056,5055,5049,5044,5050,5055,5049,5038,5027,5022,5017,5012,5013,5008,5002,5001,5006,5012,5013,5019,5030,5036,5042,5053,5059,5054,5043,5032,5021,5010,5004,5003,5008,5013,5007,5001,5000)
(10164,1,5049,5038,5027,5016)
(10165,1,5053,5048,5054,5059,5053,5047,5052,5058,5059,5054,5048,5042,5036,5030,5025,5026,5032,5043,5048,5042,5036,5030,5024,5023)
(10166,1,5012,5013,5008,5003,5009,5020,5026,5032,5037,5031,5025,5024,5029,5040,5046,5047,5042,5031,5025,5019,5014,5009,5004,5010,5021,5032,5037,5031,5026,5032,5043,5048,5053,5058,5057,5051,5046,5052,5057,5051,5045,5050,5055)
(10167,1,5008,5019,5025,5031,5036,5041,5047,5053,5058,5052,5047,5042,5036,5035,5029,5024,5030,5036,5042,5047,5052,5058,5059,5054,5043)
(10168,1,5009,5020,5025,5019,5014,5020,5025,5024,5018,5013,5014,5020,5025,5019,5013,5018,5024,5030,5041,5047,5042,5036,5030,5025,5031,5036,5030,5025,5031,5042,5053,5058,5057,5056,5055,5049,5044)
(10169,1,5057,5058,5059,5054,5048,5047,5041,5030,5025,5026,5032,5043,5048,5042,5031,5025,5024,5018)
(10170,1,5014,5015,5010,5004,5003,5002,5007,5012,5006,5000,5005,5016,5027,5033,5034,5035,5041,5046,5045,5039,5034,5040,5045,5039,5028,5022,5027,5038,5049,5055,5056,5057)
(10171,1,5004,5003,5008,5019,5024,5018,5012,5006,5000,5005,5011,5017,5028,5033,5038,5044,5050,5056,5051,5040,5034,5028,5022,5027,5033,5039,5050,5056,5051,5040,5029,5024,5030,5041)
(10172,1,5034,5039,5044,5038,5033,5034,5040,5046,5041,5036,5042,5053,5058,5057,5051,5045,5039,5034,5029,5018,5013,5019,5030,5041,5052,5057,5051,5045,5039,5034,5029,5024,5030,5035,5029,5023,5017,5012,5018,5024,5030,5036,5037,5043,5048,5047,5041,5035,5040,5051,5056,5050,5044,5038,5027,5016,5011,5017,5023,5018,5007)
(10173,1,5038,5027,5022,5028,5034,5040,5045,5039,5034,5035,5041,5052,5058,5059,5054,5048,5042,5037,5032,5026,5020,5009,5003,5002)
(10174,1,5012,5013,5008,5002,5007,5013,5008,5002,5007,5012,5017,5023,5029,5034,5033,5027,5022,5023,5029,5034,5028,5022,5016,5011,5006,5000,5005,5011,5017,5028,5033,5027,5016,5011,5017,5028,5033,5038,5044,5050,5056,5051,5046,5041,5030,5025,5026,5032,5037,5036,5041,5052,5057,5056,5050,5039,5028,5022,5016,5011,5012,5007,5001,5000,5005,5016,5022,5023,5029,5034,5028,5023,5029,5040,5046,5047)
(10175,1,5047,5042,5031,5020,5009,5004,5010,5021,5026,5020,5015,5010,5004,5009,5015,5021,5026,5025,5024,5023,5028,5033,5027,5022,5023,5018,5012,5006)
(10176,1,5013,5014,5020,5031,5037,5043,5054,5059,5053,5048,5054,5059,5058)
(10177,1,5021,5010,5004,5009,5014,5019,5030,5035,5029,5023,5017,5006,5001,5002,5008,5014,5020,5025,5019,5014,5020,5031,5037,5043,5048,5047,5041,5036,5037,5032,5026,5025,5030,5035,5034,5039,5050,5055,5049,5038,5033,5039,5050,5056,5057,5058,5059)
(10178,1,5039,5045,5051,5056,5050,5045,5046,5041,5036,5042,5047,5046,5040,5029,5018,5012,5017,5022,5027,5038,5049,5055,5050,5044,5038,5033,5039,5044,5049,5055,5056,5051,5040,5035,5041,5047,5048,5054,5059,5053,5042,5031,5020,5009,5003,5002,5001)
(10179,1,5011,5017,5023,5018,5007,5002,5008,5019,5024,5023,5022,5027,5033,5039)
(10180,1,5056,5051,5046,5041,5035,5029,5023,5017,5012,5007,5001)
(10181,1,5002,5003,5004,5010,5021,5032,5037)
(10182,1,5003,5004,5010,5015,5009,5004,5010,5015,5009,5004,5010,5021,5026,5031,5037,5032,5021,5010,5004,5009,5014,5008,5003,5009,5015,5021,5032,5037,5036,5030,5019,5014,5009,5004,5010,5015,5014,5008,5003,5004,5010,5015,5009,5003,5008,5019,5030,5035,5029,5023,5022,5016,5011,5012,5013,5019,5030,5035,5029,5018,5007,5001,5000,5005,5016,5027,5038,5049,5055)
(10183,1,5030,5024,5018,5013,5008)
(10184,1,5049,5038,5033,5039,5044,5049,5055,5056,5051,5046,5052,5057,5051,5040,5034,5028,5023,5024,5019,5008,5003,5009,5020,5025,5030,5035,5029,5023,5028,5033,5027,5022,5017,5011)
(10185,1,5017,5012,5007,5001,5000,5005,5011,5006,5000,5005,5016,5027,5038,5049,5055,5056)
(10186,1,5057,5051,5046,5052,5057,5051,5046,5052,5058,5059,5054,5043,5037,5036,5030,5025,5020,5015,5021,5026,5031,5042,5047,5046,5040,5029,5024,5019,5014,5009,5004,5010,5021,5032,5043,5048,5042,5037,5043,5054,5059,5053,5048,5043,5032,5021,5015,5009,5004,5010,5021,5026,5025,5030,5041,5047,5042,5037,5043,5048,5042,5037,5032,5021,5015,5009,5003,5008,5013,5007,5002,5008,5013,5018,5024,5019,5014,5020,5025,5024,5018,5013,5019,5024,5018,5007,5002,5008,5013,5012,5017,5022)
(10187,1,5028,5039,5044,5038,5033,5034,5035,5041,5046,5051,5056,5055,5049,5038,5033,5034,5040,5045,5044,5049,5055,5056,5057)
(10188,1,5021,5026,5025,5019,5008,5003,5004,5010,5021,5032,5043,5054,5059,5058)
(10189,1,5019,5014,5009,5004,5010,5015,5009,5004,5010,5015,5020,5031,5036,5041,5046,5051,5057)
(10190,1,5054,5059,5053,5048,5054,5059,5053,5042,5037,5032,5021,5010,5004)
(10191,1,5022,5016,5011,5017,5022,5027,5033,5039,5045,5040,5034,5028,5023,5029,5035,5036,5042,5047,5046,5045,5039,5034,5035,5030,5024,5018,5013,5008,5003,5009,5020,5031,5036,5035,5034,5028,5022,5027,5038,5049,5055,5056,5057)
(10192,1,5011,5012,5013,5008,5002,5007,5012,5017,5023,5029,5034,5039,5050,5055)
(10193,1,5044,5039,5028,5017,5012,5007,5001,5006,5011,5005)
(10194,1,5037,5043,5048,5042,5031,5020,5014,5008,5003)
(10195,1,5024,5030,5035,5040,5046,5041,5036,5042,5048,5043,5032,5026,5020,5009,5004,5010,5015,5009,5003,5008,5014,5015,5010,5004,5009,5015,5021,5032,5043,5054,5059)
(10196,1,5004,5003,5002,5007,5018,5023,5017,5006,5000,5005,5011,5012,5018,5023,5017,5012,5013,5019,5025,5020,5014,5019,5024,5029,5034,5033,5038,5044,5039,5033,5027,5022,5023,5029,5034,5033,5038,5049,5055,5056)
(10197,1,5029,5024,5030,5035,5029,5018,5013,5019,5025,5026,5032,5043,5048,5042,5037,5043,5054,5059,5058,5057,5051,5046,5052,5057,5051,5046,5047,5053,5058,5057,5056,5050,5045,5051,5056,5050,5045,5051,5057,5058,5053,5047,5052,5058,5059,5054,5043,5032,5026,5025,5019,5013,5012,5006,5001,5002,5008,5013,5012,5006,5001,5007,5013,5019,5024,5023,5017,5006,5001,5002,5003,5009,5014,5013,5007,5001,5000)
(10198,1,5054,5048,5047,5041,5030,5025,5026,5021)
(10199,1,5049,5044,5045,5040,5034,5039,5044,5049,5055,5050,5045,5051,5057,5058,5053,5042,5037,5032,5021,5015,5020,5031,5037,5043,5048,5042,5036,5030,5024,5018,5007,5002)
(10200,1,5009,5014,5019,5030,5036,5031,5026,5021,5015,5009,5003,5008,5013,5018,5029,5034,5028,5023,5024,5019,5014,5020,5025,5030,5035,5029,5023,5028,5039)
(10201,1,5034,5028,5023,5024,5030,5036,5042,5047,5046,5045,5044,5038,5027,5022,5023,5029,5035,5041,5046,5045,5039,5034,5040,5051,5056,5050,5044,5038,5033,5039,5045,5051,5056,5055,5049,5038,5027,5022,5028,5033,5027,5016,5005,5000)
(10202,1,5023,5017,5012,5007,5001,5006,5011,5016,5027,5038,5049,5055,5050,5039,5034,5040,5045,5050,5056,5057,5052,5041,5036,5037,5032,5021,5010,5004,5003,5002,5001,5000,5005,5016,5027,5033,5039,5044,5049,5055,5056,5051,5046,5052,5057,5056,5050,5039,5033,5027,5022,5028,5033,5027,5022,5028,5033,5038,5049,5055,5050,5039,5033,5038,5049,5055,5056,5057,5052,5047,5048,5054)
(10203,1,5027,5038,5044,5039,5034,5035,5030,5024,5029,5035,5041,5047,5042,5036,5035,5029,5023,5017,5006,5001,5002,5003,5004,5010,5021,5026,5020,5014,5013,5007,5002,5008,5014,5020,5025,5019,5014,5020,5025,5019,5008,5003,5009,5014,5013,5007,5002,5003,5004,5010,5015,5009,5004,5010,5015,5014,5013,5007,5001,5000,5005,5011,5012,5013,5019,5024,5029,5034,5033,5027,5022,5028,5033,5027,5022,5028,5039,5050,5055,5049,5044,5045,5051,5056,5055,5049,5044,5045,5051,5057,5052,5046,5045,5039,5033,5027,5022,5028,5034,5040,5046,5052,5058)
(10204,1,5015,5021,5026,5020,5015,5021,5026,5020,5015,5010,5004,5009,5015,5010,5004,5003,5002,5001,5006,5012,5007,5001,5000,5005,5016,5022,5028,5034,5029,5023,5028,5034,5040,5045,5044,5038,5027,5022,5028,5033,5027,5022,5017,5006,5000,5005,5016,5027,5038,5049,5055,5050,5039,5028,5023,5018,5007,5002,5008,5014,5020,5025,5030,5035,5040,5045,5039,5034,5035,5030,5019,5013,5018,5029,5034,5039,5045,5051,5057,5052,5047,5042,5031,5026,5032,5043,5054,5059)
(10205,1,5012,5006,5001,5007,5013,5008,5002,5001,5000,5005,5016,5022,5028,5033,5038,5049,5055,5050,5044,5049,5055,5050,5044,5049,5055,5056,5057,5058,5053)
(10206,1,5010,5015,5009,5004,5010,5015,5014,5013,5018,5023,5028,5034,5035,5036,5031,5025,5024,5023,5017,5012,5013,5014,5009,5003,5002,5001,5000,5005,5016,5022,5023,5029,5035,5041,5046,5040,5029,5024,5025,5020,5015,5021,5026,5020,5009,5003,5008,5014,5015,5021,5032,5043,5048,5042,5031,5025,5019,5008,5003,5004,5010,5015,5020,5025,5024,5018,5013,5019,5030,5036,5031,5025,5024,5023,5017,5012,5018,5024,5030,5036,5042,5053,5058,5057,5051,5040,5035,5036,5031,5026,5021,5010,5004,5003,5008,5019,5025,5031,5037,5032,5021,5010,5004,5003,5002,5001,5000,5005,5016,5027,5038,5049,5055)
(10207,1,5052,5041,5035,5029,5023,5028,5033,5038,5044,5050,5056,5051,5045,5039,5034,5029,5018,5007,5002)
(10208,1,5046,5051,5056,5055,5049,5044,5039,5034,5040,5051,5057,5058,5059,5054,5043,5037,5031,5020,5015,5010,5004)
(10209,1,5056,5057,5058,5059,5054,5043,5032,5021)
(10210,1,5042,5047,5041,5035,5029,5024,5019,5008,5003,5009,5014,5008,5003,5009,5020,5026,5032,5037,5031,5026,5032,5037,5031,5026,5032,5037,5031,5025,5019,5014,5009,5003,5008,5013,5012,5006,5000,5005,5016,5027,5038,5049,5055,5050,5044,5049,5055,5056,5057,5058,5059,5054,5043,5032,5026,5020,5009,5004,5010,5021,5026,5020,5009,5004,5010,5015,5014,5013,5007)
(10211,1,5017,5022,5027,5038,5049,5055,5056,5057,5052)
(10212,1,5037,5043,5048,5053,5058,5052,5046,5045,5050,5055,5049,5044,5050,5056,5051,5046,5041,5030,5025,5031,5036,5035,5034,5033,5027,5022,5017,5011,5016,5027,5038,5044,5050,5055,5049,5044,5045,5051,5056,5055,5049,5038,5033,5039,5044,5038,5027,5016,5005,5000)
(10213,1,5041,5036,5031,5025,5019,5014,5009,5003,5002)
(10214,1,5057,5056,5050,5044,5038,5033,5039,5050,5056,5051,5046,5052,5057,5051,5046,5047,5048,5054,5059,5053,5047,5041,5030,5024,5018,5013,5014,5020,5031,5042,5047,5041,5035,5034,5028,5017,5006,5000)
(10215,1,5046,5052,5057,5051,5045,5039,5034,5040,5045,5039,5033,5027,5022,5017,5011)
(10216,1,5035,5036,5037,5032,5021,5010,5004,5009,5020,5025,5030,5041,5046,5040,5035,5030,5019,5013,5007)
(10217,1,5022,5023,5024,5025,5020,5009,5003,5002,5001,5000,5005,5011,5012,5018,5029,5035,5041,5046,5051,5057,5058)
(10218,1,5016,5022,5023,5029,5035,5030,5025,5031,5036,5041,5046,5051)
(10219,1,5056,5057,5058,5059,5054,5043,5032,5026,5025,5030,5035,5029,5024,5030,5036,5031,5025,5019,5014,5015,5010,5004,5009,5014,5008,5003,5009,5020,5025,5019,5008,5002,5007,5018,5024,5025,5026,5032,5043,5048,5042,5031,5026,5032,5037,5042,5048,5054,5059,5058,5057,5051,5046,5041,5036,5042,5048,5054,5059,5058,5052,5046,5040,5035,5030,5025,5031,5037,5032,5021,5010,5004,5003,5002,5007,5018,5023,5022)
(10220,1,5023,5017,5006,5000,5005,5016,5027,5038,5049,5055,5056,5057,5058)
(10221,1,5001,5000,5005,5016,5027,5038,5044,5050,5055,5049,5038,5027,5016,5011,5017,5023,5029,5034,5028,5017,5006,5000,5005,5011,5017,5023,5018,5012,5011,5016,5022,5028,5039,5044,5038,5033,5034,5040,5046,5052,5057,5051,5045,5050,5055,5049,5044,5050,5056,5057,5058)
(10222,1,5046,5040,5035,5041,5052,5057,5051,5046,5041,5035,5040,5046,5052,5058,5059,5054,5043,5032,5026,5025,5030,5041,5046,5040,5035,5036,5042,5047,5041,5036,5037,5043,5054,5059,5058,5052,5041,5036,5037,5032,5021,5015,5009,5004,5010,5021,5032,5043,5048,5042,5036,5030,5024,5018,5013,5008,5002,5001,5000,5005,5011)
(10223,1,5004,5010,5015,5014,5008,5002,5007,5018,5023,5022,5016,5011,5012,5013,5019,5024,5018,5013,5019,5024,5018,5007,5001,5000,5005,5016,5027,5033,5028,5022,5027,5033,5034,5040)
(10224,1,5026,5032,5037,5042,5047,5052,5058,5059)
(10225,1,5054,5048,5042,5036,5035,5034,5033,5038,5044,5050,5056,5051,5040,5034,5033,5038,5049,5055,5050,5045,5046,5041,5036,5042,5047,5052,5058,5059,5054,5043,5032,5021,5010,5004)
(10226,1,5022,5017,5006,5000,5005,5016,5027,5038,5049,5055,5050,5045,5051,5056,5050,5039,5034,5040,5051,5056,5050,5045,5051,5057,5058,5053,5042,5036,5035,5029,5023,5017,5011,5016,5027,5038,5049,5055,5050,5045,5040,5035,5030,5025,5020,5009,5004,5010,5015,5009,5003,5008,5013,5018,5023,5022,5027,5038,5044,5045,5040,5029,5024,5019,5014,5009,5004,5010,5015,5020,5026,5032,5037,5031,5020,5015,5021,5026,5020,5009,5004,5010,5021,5032,5043,5054)
(10227,1,5020,5009,5003,5002,5001,5006,5011,5016,5027,5033,5028,5017,5012,5018,5023,5017,5006,5001,5002,5003,5004,5010,5021,5026,5020,5014,5008,5003,5009,5020,5025,5030,5036,5042,5047,5052,5057,5051,5045,5050,5056,5051,5046,5041,5036,5037,5043,5048,5042,5031,5026,5032,5037,5036,5041,5052,5058)
(10228,1,5019,5014,5020,5025,5019,5014,5015,5010,5004,5003,5008,5014,5020,5026,5032,5043,5048,5053,5058,5052,5041,5030,5025,5031,5037,5043,5054)
(10229,1,5005,5016,5027,5038,5049,5055,5056,5051)
(10230,1,5011,5006,5001,5007,5013,5008,5002,5001,5006,5017,5022,5027,5038,5044,5039,5034,5040,5046,5041,5035,5034,5028,5023,5029,5034,5039,5044,5038,5033,5039,5050,5055,5049,5044,5045,5051,5056,5050,5045,5040,5034,5039,5044,5038,5027,5016,5011,5012,5013,5014,5009,5004,5010,5021,5032,5043,5048,5053,5058,5057,5051,5046,5047,5053,5059)
(10231,1,5055,5049,5044,5050,5055,5049,5044,5039,5028,5023,5018)
(10232,1,5028,5039,5045,5051,5056,5050,5045,5040,5029,5023,5017,5006,5001,5007,5012,5006,5001,5007,5018,5029,5034,5039,5044,5049,5055,5056,5057,5058)
(10233,1,5024,5019,5014,5020,5031,5036,5030,5025,5031,5036,5030,5025,5020,5009,5004,5010,5015,5014,5008,5002,5007,5012,5017,5023,5029,5040,5045,5039,5028,5023,5018,5007,5002,5003,5004,5010,5015,5009,5004,5010,5015,5014,5019,5024,5023,5028,5033,5038,5049,5055,5056,5051,5040,5029,5024,5030,5041,5046,5040,5035,5036,5042,5048,5054,5059,5058)
(10234,1,5026,5021,5010,5004,5003,5008,5013,5018,5024,5030,5035,5040,5045,5050,5056,5057,5058,5053,5048,5043,5037,5031,5020,5009,5003,5002,5007,5012,5006,5000,5005,5011,5017,5022,5016,5011,5006,5000,5005,5016,5022,5028,5034,5040,5045,5039,5034,5035,5030,5025,5031,5042,5047,5041,5036,5042,5048,5054)
(10235,1,5027,5016,5011,5006,5000)
(10236,1,5002,5003,5009,5015,5021,5026,5020,5015,5021,5032,5043,5054,5059,5053,5048,5054,5059,5058,5052,5041,5035,5034,5033,5027,5022,5023,5029,5034,5033,5038,5049,5055,5050,5039,5033,5038,5044,5045)
(10237,1,5026,5032,5037,5042,5047,5046,5045,5039,5028,5023,5029,5040,5046,5041,5036,5031,5020,5009,5003,5002,5001,5000,5005,5011,5006,5001,5007,5013,5008,5003,5009,5014,5013,5007,5002,5003,5009,5020,5031,5042,5053)
(10238,1,5059,5054,5043,5037,5042,5053,5058,5052,5046,5045,5050,5055,5049,5044,5039,5028,5023,5024,5025,5020,5009,5004,5010)
(10239,1,5001,5007,5018,5023,5028,5039,5044,5038,5027,5022,5023,5024,5025,5031,5037,5043,5048,5047,5052,5057,5051,5046,5041,5035,5040,5045,5039,5034,5040,5051,5056,5055,5049,5038,5027,5022,5017,5012,5007,5002,5008,5013,5012,5006,5000,5005,5011,5017,5028,5033,5038,5044,5050,5055,5049,5044,5050,5055,5049,5044,5050,5055,5049,5038,5033,5039,5050,5056,5051,5045,5050,5056,5057,5058)
(10240,1,5055,5050,5039,5033,5038,5044,5050,5055,5049,5038,5033,5039,5044,5049,5055,5056,5057,5058,5053,5048,5054,5059,5053,5047,5046,5051,5057,5058,5059,5054,5048,5042,5031,5026,5021,5010,5004,5003,5008)
(10241,1,5001,5002,5008,5019,5025,5031,5036,5041,5046,5045,5039,5034,5029,5024,5019,5013,5018,5029,5035,5036,5042,5047,5041,5036,5037,5043,5054,5059)
(10242,1,5007,5012,5017,5022,5027,5038,5049,5055,5050,5045,5046,5047,5048,5054,5059,5058,5052,5041,5030,5024,5018,5007,5002,5003,5009,5015,5021,5032,5043,5054,5059,5058,5052,5046,5051,5057,5058,5059,5054,5048,5053,5059,5054,5043,5037)
(10243,1,5039,5044,5049,5055,5056,5057,5058,5059,5054,5043,5037,5031,5026,5032,5037,5031,5025,5030,5035,5029,5024,5030,5035,5034,5028,5022,5016,5011,5012,5018,5023,5017,5012,5007,5001)
(10244,1,5038,5044,5039,5034,5035,5036,5037,5032,5026,5031,5036,5041,5046,5051,5056,5050,5044,5038,5027,5016,5005)
(10245,1,5022,5027,5038,5049,5055,5050,5045,5051)
(10246,1,5035,5041,5046,5040,5034,5039,5044,5038,5033,5028,5017,5012,5018,5024,5019,5014,5020,5025,5030,5041,5046,5040,5035,5041,5046,5045,5039,5028,5022,5027,5038,5044,5045,5051,5056,5055,5049,5044,5045,5040,5034,5028,5017,5006,5001,5007,5013,5019,5030,5036,5042,5048,5043,5032,5021,5015,5020,5031,5042,5047,5041,5036,5042,5053,5058,5057,5056,5055,5049,5044,5045,5051,5056,5055,5049,5044,5039,5028,5017,5011,5005)
(10247,1,5011,5006,5000,5005,5016,5027,5033,5028,5017,5012,5007,5002,5008,5013,5007,5002,5003,5009,5014,5019,5025,5026,5021,5010,5004,5009,5014,5013,5007,5001,5000,5005,5016,5022,5028,5033,5027,5022,5028,5039,5044,5038,5033,5028,5022,5027,5038,5044,5039,5034,5040)
(10248,1,5003,5004,5010,5021,5026,5025,5019,5013,5012,5006,5001,5002,5008,5013,5018,5024,5030,5041,5046,5045,5039,5034,5029,5024,5025,5031,5036,5030,5025,5031,5042,5047,5046,5051,5056,5050,5045,5040,5035,5041,5046,5040,5035,5041,5047,5053,5058,5057,5056,5050,5039,5034,5029,5018,5012,5006,5000,5005,5016,5027,5038,5049)
(10249,1,5033,5027,5016,5005,5000)
(10250,1,5039,5044,5049,5055,5050,5039,5033,5027,5016,5005,5000)
(10251,1,5043,5048,5053,5058,5052,5046,5051,5057,5058,5053,5048,5043,5032,5021,5010,5004,5003,5002)
(10252,1,5010,5004,5003,5008,5013,5018,5024,5030,5041,5047,5053,5058)
(10253,1,5035,5030,5019,5014,5009,5004,5010,5015,5014,5008,5003,5004,5010,5021,5032,5037,5031,5026,5032,5037,5042,5048,5054,5059,5058,5057,5056,5055,5049,5044,5039,5034,5029,5024,5030,5041,5047,5042,5036,5030,5025,5020,5009,5003,5002,5001)
(10254,1,5031,5026,5032,5037,5042,5047,5041,5035,5040,5045,5044,5038,5033,5028,5023,5029,5034,5033,5038,5049,5055,5050,5045,5051,5056,5055,5049,5044,5050,5055,5049,5044,5045,5040,5035,5036,5042,5047,5046,5040,5035,5041,5047,5053,5058,5057,5051,5040,5034,5033,5027,5016,5005)
(10255,1,5053,5048,5043,5037,5042,5047,5041,5036,5037,5043,5048,5047,5041,5036,5042,5047,5041,5035,5040,5045,5050,5055,5049,5044,5050,5056,5051,5040,5029,5024,5025,5026,5032,5037,5036,5030,5024,5023,5028,5039,5044,5049,5055,5056,5051,5045,5039,5033,5027,5022,5028,5039,5045,5051,5056,5050,5045,5046,5052,5058,5053,5047,5052,5057,5056,5050,5039,5034,5035,5041,5047,5048,5043,5032,5026,5020,5015)
(10256,1,5054,5059,5053,5047,5041,5030,5025,5020,5014)
(10257,1,5016,5027,5038,5044,5045,5040,5034,5039,5044,5049,5055)
(10258,1,5023,5029,5035,5030,5025,5031,5042,5047,5041,5030,5025,5020,5009,5004,5010,5015,5020,5031,5036,5041,5046,5040,5034,5028,5022,5016,5011,5006,5001,5002,5003,5004,5010,5015,5020,5026,5032,5043,5054,5059)
(10259,1,5017,5006,5001,5002,5008,5014,5015,5021,5032,5037,5031,5020,5014,5013,5007,5002,5003,5009,5020,5031,5036,5030,5025,5031,5036,5030,5024,5018,5007,5002,5008,5013,5018,5029,5034,5028,5023,5024,5019,5013,5007,5002,5003,5009,5020,5031,5036,5041,5046,5045,5039,5033,5027,5022,5028,5034,5040,5051,5056,5055,5049,5044,5039,5028,5023,5024,5025,5026,5032,5043,5054,5059)
(10260,1,5007,5002,5008,5019,5024,5018,5013,5014,5020,5025,5019,5008,5002,5001,5000,5005,5011,5012,5007,5002,5008,5019,5025,5020,5009,5004,5010,5021,5032,5043,5054,5059,5058,5052,5046,5045,5039,5034,5040,5045,5044,5049)
(10261,1,5016,5027,5038,5049,5055,5050)
(10262,1,5006,5011,5016,5027,5033,5039,5045,5046,5052)
(10263,1,5010,5004,5003,5002,5001,5000,5005,5016,5027,5033,5039,5045,5046,5041,5030,5019,5014,5015,5010,5004,5003,5008,5013,5007,5002,5008,5013,5018,5023,5022,5027,5038,5044,5045,5051,5056,5050,5044,5038,5033,5034,5035,5036,5031,5026,5032,5037,5036,5035,5029,5024,5030,5036,5042,5047,5046,5045,5050,5056,5057,5052,5047,5053,5058,5052,5046,5051,5057,5058,5053,5042,5037,5043,5048,5042,5036,5030,5025,5031,5037,5043,5048,5053,5059,5054,5043,5032,5021,5010,5004,5009,5020,5025,5030,5041,5046,5051,5056,5050,5045,5040,5034,5033,5027,5016,5011,5006,5000,5005,5016,5027,5038,5049)
(10264,1,5027,5016,5011,5017,5028,5033,5038,5044,5039,5034,5040,5051,5056,5055,5049,5044,5050,5056,5051,5046,5052,5057,5051,5045,5050,5056,5057,5058,5059,5054,5043,5037,5031,5026,5032,5037,5036,5030,5025,5031,5036,5041,5046,5045,5044,5038,5027,5016,5011,5012,5013,5019,5024,5023,5022,5016,5005)
(10265,1,5057,5056,5055,5049,5038,5027,5022,5028,5034,5035,5041,5052,5057,5056,5050,5045,5051,5056,5050,5039,5034,5029,5024,5030,5036,5042,5048,5054,5059,5053,5048,5054,5059,5053,5048,5054,5059,5053,5047,5052,5057,5051,5046,5047,5053,5058,5057,5051,5040,5035,5041,5046,5045,5039,5034,5035,5030,5025,5026,5021,5015,5020,5031,5042,5053,5058,5057,5051,5045,5039,5034,5040,5051,5057,5052,5041,5035,5034,5039,5045,5040,5035,5036,5037,5032,5021,5010,5004)
(10266,1,5057,5052,5047,5053,5059,5054,5048,5042,5031,5025,5030,5035,5029,5024,5019,5014,5009,5004,5010,5021,5032,5037,5042,5053,5058,5052,5047,5053,5059,5054,5043,5037,5031,5026,5021,5015,5009,5004,5010,5015,5020,5025,5019,5013,5012,5006)
(10267,1,5002,5001,5006,5017,5028,5034,5035,5041)
(10268,1,5043,5037,5031,5025,5024,5018,5007,5002,5008,5014,5020,5025,5024,5018,5013,5019,5024,5018,5012,5017,5022,5027,5038,5049,5055,5056,5057,5052,5041,5036,5037,5032,5021,5015,5009)
(10269,1,5040,5035,5030,5025,5031,5042,5047,5046,5040,5035,5030,5024,5018,5013,5014,5020,5026,5032,5037,5031,5025,5019,5008,5002,5007,5018,5029,5034,5039,5044,5038,5027,5016,5011,5012,5018,5024,5025,5026,5021,5010)
(10270,1,5041,5046,5040,5035,5036,5042,5047,5052,5057,5051,5040,5035,5030,5025,5031,5036,5030,5025,5026,5032,5037,5036,5030,5019,5008,5003,5004,5010,5015,5014,5013,5007,5001)
(10271,1,5016,5011,5012,5013,5019,5024,5018,5013,5019,5030,5035,5029,5024,5030,5035,5034,5033,5038,5049,5055,5056,5057,5058,5053,5048,5054)
(10272,1,5051,5040,5035,5041,5047,5053,5059,5054,5043,5037,5036,5041,5047,5053,5058,5057,5051,5046,5047,5042,5031,5026,5032,5043,5048,5047,5046,5040,5035,5036,5042,5048,5043,5032,5021,5010,5004,5009,5015,5010,5004,5003,5002,5001,5006,5012,5018)
(10273,1,5001,5000,5005,5016,5027,5033,5039,5045,5046,5047,5048,5043,5032,5021,5010,5004,5009,5015,5010,5004,5003,5002,5001,5000,5005,5011,5017,5028,5033,5027,5022,5023,5024,5030,5035,5029,5024,5030,5036,5037,5043,5054,5059,5053,5047,5041,5030,5025,5031,5042,5047,5052)
(10274,1,5035,5041,5046,5040,5029,5024,5019,5014,5009,5004,5010,5015,5009,5004,5010,5015,5009,5004,5010,5015,5009,5004,5010,5021,5026,5020,5009,5003,5008,5019,5024,5029,5034,5028,5022,5016,5011,5017,5023,5018,5007,5002,5003,5004,5010,5015,5014,5013,5007,5002,5008,5019,5025,5026,5032,5043,5048,5047,5052,5057,5056,5050,5045,5040,5035,5041,5046,5040,5035,5030,5024,5029,5034,5028,5023,5024,5025,5020,5009,5003,5002,5001)
(10275,1,5056,5057,5052,5047,5048,5043,5037,5031,5026,5032,5043,5054,5059,5058,5052,5041,5030,5019,5014,5020,5025,5030,5035,5029,5023,5028,5033,5038,5044,5045,5046,5052,5057,5056,5055,5049,5044,5045,5051,5057,5052,5041,5036,5037,5043,5048,5047,5041,5036,5042,5048,5043,5032,5021,5015,5014,5013,5007,5001,5006)
(10276,1,5012,5006,5001,5007,5018,5024,5019,5014,5020,5026,5032,5037,5031,5020,5015,5021,5026,5020,5015,5010,5004,5003,5002,5007,5012,5011,5016,5027,5038,5044,5050,5055,5049,5038,5033,5039,5044,5038,5027,5016,5011,5012,5007,5002,5008,5014,5015,5010,5004,5009,5020,5031,5036,5041,5052,5058,5059)
(10277,1,5008,5019,5030,5035,5029,5023,5022,5027,5038,5044,5050,5055,5049,5044,5050,5056,5057,5058)
(10278,1,5059,5054,5043,5032,5026,5020,5015,5021,5032,5043,5048,5042,5037,5032,5026,5020,5009,5004,5010,5015,5014,5013)
(10279,1,5039,5044,5038,5033,5034,5040,5051,5056,5055,5049,5044,5039,5033,5027,5016,5005,5000)
(10280,1,5015,5014,5019,5024,5018,5007,5002,5008,5013,5007,5001,5000,5005,5011,5006,5000,5005,5016,5027,5038,5049,5055,5050,5044,5049,5055,5056,5057,5052,5041,5036,5042,5047,5052,5057,5051,5040,5035,5036,5031,5025,5030,5041,5052,5057,5056,5050,5039,5034,5029,5018,5007,5001,5000,5005,5016,5027,5038,5044,5039,5034,5035,5041,5046,5040,5035,5041,5046,5051,5057,5058)
(10281,1,5007,5002,5008,5019,5024,5023,5017,5012,5018,5029,5034,5028,5017,5006,5001,5002,5008,5019,5024,5018,5007,5002,5008,5019,5024,5018,5007,5001,5000,5005,5011,5012,5013,5014,5009,5003,5002,5007,5018,5023,5017,5012,5007,5002,5008,5013,5007,5002,5008,5014,5020,5025,5030,5036,5037,5032,5021,5010,5004,5003,5002,5007,5013,5014,5015,5021,5026,5025,5019,5008,5003,5009,5014,5008,5003,5004,5010,5015,5020,5026,5021,5015,5020,5026,5032,5037,5042,5053,5059)
(10282,1,5044,5050,5056,5051,5046,5052,5057,5056,5055,5049,5038,5027,5022,5017,5012,5007,5002,5008,5019,5024,5018,5007,5002,5008,5014,5020,5031,5036,5030,5025,5026,5032,5037,5042,5053,5058,5057,5051,5046,5041,5030,5025,5020,5015,5010)
(10283,1,5018,5024,5025,5020,5009,5003,5002,5001,5006,5011,5016,5027,5033,5034,5035,5030,5024,5029,5034,5039,5045,5051,5056,5050,5039,5034,5040,5045,5050,5056,5051,5040,5035,5036,5042)
(10284,1,5014,5009,5004,5010,5015,5009,5004,5010,5015,5020,5031,5042)
(10285,1,5036,5041,5046,5045,5050,5056,5057,5052,5046,5045,5050,5056,5057,5052,5047,5053,5059,5054,5043,5037,5036,5035,5034,5033,5038,5049,5055,5056,5057,5058,5059,5054,5043,5032,5021,5010,5004,5003,5008,5019,5025,5026,5032,5037,5031,5020,5009,5003,5002,5001,5006,5017,5028,5033,5027,5016,5011,5006,5000)
(10286,1,5027,5038,5044,5039,5034,5040,5046,5052,5057,5051,5046,5047,5042,5031,5026,5032,5043,5048,5047,5052,5057,5051,5046,5047,5042,5031,5020,5014,5019,5024,5029,5034,5039,5050)
(10287,1,5059,5054,5043,5037,5042,5053,5059,5054,5043,5032,5026,5031,5036,5030,5025,5026,5021,5010,5004,5003,5008,5013,5018,5023,5022,5027,5038,5044,5050,5055,5049,5044,5039,5028,5023,5018,5007)
(10288,1,5017,5011,5016,5022,5017,5012,5018,5024,5030,5036,5042,5047,5041,5036,5037,5043,5054)
(10289,1,5023,5029,5040,5051,5056,5055,5049,5044,5045,5051,5056,5050,5044,5038,5033,5028,5022,5027,5033,5034,5040,5045,5039,5028,5022,5027,5033,5034,5035,5041,5047,5053,5058)
(10290,1,5015,5021,5032,5043,5048,5053)
(10291,1,5041,5046,5040,5034,5028,5023,5029,5040,5045,5039,5028,5017,5006,5001)
(10292,1,5004,5010,5021,5032,5043,5054,5059,5058,5057,5051)
(10293,1,5056,5051,5045,5044,5038,5027,5022,5023,5024,5019,5014,5020,5031,5042,5048,5054,5059,5053,5048,5054,5059,5053,5047,5041,5036,5042,5047,5041,5030,5024,5023,5028,5039,5045,5040,5035,5041,5052,5057,5051,5045,5039,5034,5040,5046,5052,5057,5051,5040,5035,5041,5047,5042,5031,5020,5015,5021,5026,5031,5036,5030,5024,5018,5012)
(10294,1,5049,5044,5050,5056,5057,5058,5059,5054,5043,5032,5026,5020,5015,5010,5004,5003,5008,5019,5024,5029,5035,5030,5019,5008,5003,5004,5010,5015,5009,5004,5010,5021,5032,5037,5036,5041,5046,5040,5035,5041,5052,5057,5051,5045,5039,5034,5040,5046,5047,5053,5059,5054,5043,5032,5026,5020,5015,5010,5004,5009,5014,5013,5007,5001,5006,5017,5022,5016)
(10295,1,5039,5034,5029,5018,5007)
(10296,1,5048,5042,5031,5026,5032,5043,5048,5042,5037,5043,5048,5053,5058,5052,5041,5035,5029,5018,5013,5019,5030,5041,5052,5057,5051,5046,5041,5036,5042,5047,5041,5036,5037,5043,5054,5059,5053,5047,5052,5057,5051,5046,5041,5030,5024,5023,5022,5027,5038,5049,5055,5056,5057,5058,5059,5054,5043,5032,5026,5020)
(10297,1,5037,5042,5053,5058,5057,5051,5045,5039,5028,5023,5024,5019,5008)
(10298,1,5028,5033,5038,5044,5045,5051,5057,5058)
(10299,1,5011,5012,5018,5023,5017,5012,5013,5014,5020,5026,5032,5037,5042,5048)
(10300,1,5056,5057,5052,5046,5040,5029,5024,5030,5035,5034,5039,5045,5051,5056,5055,5049,5044,5050,5055,5049,5038,5033,5034,5040,5045,5050,5055,5049,5038,5027)
(10301,1,5057,5051,5045,5050,5055,5049,5044,5050,5056,5051,5040,5035,5041,5046,5040,5029,5024,5030,5035,5029,5018,5012,5017,5022,5016,5011,5017,5022,5027,5033,5039,5045,5046,5052,5058,5059,5054,5043,5032,5021,5010,5004,5009,5014)
(10302,1,5021,5032,5037,5031,5026,5021,5010,5004,5003,5008,5019,5030,5036,5042,5047,5046,5045,5039,5034,5029,5024,5025,5031,5036,5030,5019,5013,5012,5017,5022,5027,5038,5049,5055,5056)
(10303,1,5059,5054,5048,5042,5036,5035,5029,5024,5019,5013,5012)
(10304,1,5005,5016,5027,5038,5044,5045,5051)
(10305,1,5039,5033,5038,5049,5055,5050,5045,5046,5047,5053,5059,5054,5043,5032,5021,5010)
(10306,1,5004,5009,5020,5031,5042)
(10307,1,5041,5052,5057,5051,5046,5047,5042,5036,5030,5025,5020,5015,5010,5004,5003,5008,5013,5007)
(10308,1,5051,5045,5050,5056,5057,5052,5047,5042,5036,5035,5029,5023,5028,5039,5044,5049,5055,5056,5057,5052,5046,5040,5035,5030,5025,5026,5032,5037,5031,5025,5019,5014,5015,5010,5004,5003,5002,5001,5000,5005)
(10309,1,5018,5013,5019,5025,5031,5042,5053,5058,5057,5051,5046,5041,5030,5025,5026,5032,5037,5042,5047,5052,5058,5053,5048,5054)
(10310,1,5045,5044,5038,5033,5039,5050,5055,5049,5044,5045,5040,5035,5036,5037,5043,5054,5059,5053,5047,5041,5035,5040,5045,5044,5049,5055,5050,5044,5038,5033,5034,5035,5030,5025,5020,5009)
(10311,1,5018,5023,5028,5034,5035,5030,5025,5031,5042,5047)
(10312,1,5009,5020,5025,5019,5008,5003,5009,5015,5021,5032,5043,5054,5059,5053,5048,5054,5059,5053,5048,5054,5059,5058,5052)
(10313,1,5033,5039,5045,5040,5035,5041,5047,5053,5058,5057,5051,5040,5035,5041,5047,5048,5043,5037,5036,5035,5029,5024,5030,5036,5042,5048,5043,5032,5021,5010,5004,5003,5008,5014,5015,5010,5004,5003,5002,5007,5012,5011,5005)
(10314,1,5008,5013,5018,5024,5030,5041,5052)
(10315,1,5004,5010,5015,5014,5008,5003,5004,5010,5021,5032)
(10316,1,5056,5055,5049,5044,5039,5034,5035,5036,5031,5026,5021,5010,5004,5003,5008,5013,5018,5024,5030,5035,5040,5045,5039,5034,5040,5051,5056,5055,5049,5038,5027,5022,5017,5012,5018,5023,5017,5006,5001)
(10317,1,5041,5036,5042,5047,5046,5045,5039,5028,5017)
(10318,1,5050,5055,5049,5038,5033,5039,5045,5051,5056,5055,5049,5044,5039,5033,5038,5049,5055,5050,5045,5040,5035,5041,5046,5040,5035,5036,5042,5048,5054,5059,5053,5048,5054,5059,5058,5057,5056,5050,5044,5038,5027,5022,5028,5033,5038,5049,5055,5056,5051,5040,5034,5039,5050,5055,5049,5044,5039,5028,5017,5012,5013,5019,5030,5035,5029,5024,5025,5026,5032,5037,5031,5025,5024,5023,5028,5034,5035,5030,5019,5014,5009,5004)
(10319,1,5033,5038,5049,5055,5056,5051,5040,5035,5030,5024,5023,5017,5012,5007,5002,5008,5019,5025,5031,5042,5047,5041,5036,5037,5032,5021,5015,5020,5031,5037,5032,5021,5010,5004,5003,5002,5001)
(10320,1,5003,5002,5007,5018,5024,5025,5026,5021,5010,5004,5003,5002,5001,5000,5005,5016,5022,5023,5029,5040,5045,5050,5055,5049,5044,5039,5034,5040,5051,5056,5055,5049,5044,5050,5055,5049,5038,5033,5039,5050,5055,5049,5038,5027,5022,5028,5034,5040,5045,5044,5049,5055,5056,5051,5045,5039,5034,5035,5036,5037,5043,5054,5059,5058)
(10321,1,5030,5035,5029,5018,5013,5008,5002,5007,5018,5024,5025,5020,5009,5004,5010,5021,5032,5037,5031,5026,5032,5037,5042,5053,5059,5054,5043,5032,5021,5010,5004,5003,5002,5001,5000,5005,5016,5022,5028,5034,5035,5030,5019,5008,5002,5007,5013,5019,5024,5018,5013,5019,5030,5036,5042,5048,5043,5037,5031,5026,5021,5015,5020,5031,5036,5041,5052)
(10322,1,5044,5050,5055,5049,5038,5033,5028,5017,5006)
(10323,1,5058,5057,5051,5040,5029,5018,5013,5019,5025,5031,5036,5035,5029,5024,5019,5013,5012,5006,5001)
(10324,1,5025,5026,5021,5015,5009,5003,5002,5001,5006,5017,5022,5016,5011,5006,5001,5002,5003,5004,5010,5015,5020,5025,5024,5018,5013,5014,5020,5031,5037,5043,5054,5059,5053,5042,5037,5032,5021,5015,5020,5031,5036,5035,5034,5028,5017,5006,5001,5007,5012,5006,5001,5007,5012,5006,5000,5005,5016,5027,5038,5044,5050,5055,5049,5044,5045,5051,5057)
(10325,1,5051,5057,5058,5059,5054,5043,5037,5031,5026,5032,5043,5048,5042,5037,5043,5048,5053,5059,5054,5048,5042,5036,5035,5029,5024,5019,5008,5003)
(10326,1,5021,5026,5020,5015,5021,5032,5037,5031,5026,5032,5043,5048,5042,5031,5025,5024,5023,5017,5012,5018,5023,5017,5012,5018,5023,5028,5039,5045,5040,5034,5028,5023,5029,5040,5051,5057,5052,5041,5036,5042,5053)
(10327,1,5049,5044,5050,5055,5049,5038,5033,5034,5035,5041,5046,5040,5035,5041,5052,5057,5056,5050,5044,5049,5055,5050,5045,5046,5052,5057,5051,5040,5034,5039,5044,5038,5033,5028,5017,5012,5007,5002,5003,5004,5010)
(10328,1,5056,5057,5052,5046,5045,5039,5034,5029,5024,5025,5026,5021)
(10329,1,5004,5003,5002,5007,5013,5014,5009,5003,5008,5019,5024,5018,5013,5014,5009,5004,5010,5015,5009,5004,5010,5015,5009,5004,5010,5015,5009,5004,5010,5015,5014,5008,5003,5009,5015,5010,5004,5003,5008,5019,5030,5041,5047,5042,5031,5025,5019,5014,5020,5025,5024,5018,5013,5008,5002,5001,5000,5005,5016,5022,5028,5033,5027,5022,5017,5012,5018,5024,5030,5041,5046,5040,5029,5024,5030,5036,5042,5048,5054,5059,5053,5048,5054,5059,5058,5052,5046,5040,5034,5033,5027,5016,5011,5017,5023,5029,5040,5045,5044,5038,5033,5039,5050)
(10330,1,5008,5003,5009,5014,5013,5007,5001,5006,5011,5016,5027,5038,5049,5055,5056)
(10331,1,5059,5058,5057,5056,5050,5039,5033,5038,5044,5050,5056,5057,5058,5053,5048,5054,5059,5053,5047,5041,5035,5040,5045,5039,5034,5040,5045,5039,5034,5040,5045,5039,5033,5027,5022,5017,5011,5005,5000)
(10332,1,5051,5046,5052,5057,5051,5045,5050,5056,5057,5052,5047,5053,5059,5054,5048,5042,5037,5043,5054,5059,5058,5052,5046,5045,5044,5049,5055,5056,5057,5058,5059,5054,5048,5047,5041,5036,5037,5032,5021,5010,5004,5009,5020,5025,5024,5018,5012,5017,5022,5027,5038,5044,5050,5056,5057,5052,5047,5053,5058,5052,5046,5040,5035,5036,5031,5025,5024,5018,5013)
(10333,1,5020,5031,5036,5041,5046,5040,5035,5041,5052)
(10334,1,5008,5002,5001,5000,5005,5016,5027,5038,5049,5055,5056,5057)
(10335,1,5014,5013,5007,5002,5008,5014,5020,5025,5019,5014,5020,5031,5037,5032,5021,5010,5004,5003,5002,5007,5012,5017,5023,5024,5025,5026,5032,5037,5031,5020,5009,5004,5010,5015,5009,5003,5008,5013,5007,5002,5008,5013,5007,5001,5000,5005,5016,5027,5033,5039,5044,5038,5033,5039,5044,5049,5055,5056,5051,5045,5050,5056,5057,5058,5053)
(10336,1,5026,5031,5036,5041,5047,5053,5059)
(10337,1,5020,5031,5036,5041,5046,5051,5057,5058)
(10338,1,5016,5027,5038,5049,5055,5056,5051,5040,5035,5041,5052)
(10339,1,5019,5024,5018,5013,5019,5025,5026,5032,5037,5036,5035,5029,5024,5030,5035,5040,5045,5039,5033,5027,5022,5023,5029,5034,5028,5023,5024,5030,5041,5047,5053,5058,5057,5056)
(10340,1,5040,5035,5041,5052,5058,5053,5047,5041,5030,5025,5031,5037,5043,5048,5042,5031,5026,5032,5037,5036,5041,5046,5040,5029,5024,5019,5014,5009,5003,5002,5001,5006,5011,5016,5022,5017,5012,5018,5023,5028,5033,5027,5022,5017,5011,5005)
(10341,1,5059,5053,5048,5043,5032)
(10342,1,5058,5057,5056,5050,5045,5051,5057,5052,5046,5045,5050,5055,5049,5044,5050,5055,5049,5044,5039,5028,5023,5024,5025,5031,5036,5035,5034,5039,5050,5055,5049,5044,5045,5051,5056,5055,5049,5044,5050,5056,5057,5052,5047,5042,5031,5026,5021,5010)
(10343,1,5004,5010,5021,5026,5031,5036,5030,5019,5014,5020,5025,5024,5029,5034,5028,5023,5029,5035,5036,5042)
(10344,1,5040,5034,5028,5023,5029,5034,5028,5017)
(10345,1,5000,5005,5016,5027,5033,5039,5044,5038,5027,5022,5017,5012,5018,5024,5019,5014,5020,5025,5024,5018,5013,5019,5025,5031,5042,5047)
(10346,1,5016,5027,5038,5049,5055,5050,5044,5049,5055,5056,5051,5040,5035,5036,5042)
(10347,1,5015,5014,5019,5025,5026,5032,5037,5031,5026,5021,5015,5020,5026,5032,5043,5048,5042,5036,5035,5040,5045,5050,5055,5049,5038,5027,5022,5028,5033,5027,5022,5023,5018,5007,5002,5003,5004,5010,5021,5032,5037,5036,5041,5047,5053,5058,5057)
(10348,1,5028,5033,5027,5016,5011,5012,5013,5014,5009,5003,5002,5007,5012,5017,5022,5016,5011,5017,5028,5039,5044,5049,5055,5056,5057,5052,5046,5051,5057,5052,5047,5042,5037,5032,5021,5010,5004,5003,5002,5007,5012,5011,5016,5027,5038,5049,5055,5056,5057,5058)
(10349,1,5048,5054,5059,5053,5042,5037,5043,5048,5042,5036,5030,5019,5013,5018,5023,5028,5034,5040,5045,5044,5038,5033,5034,5040,5045,5044,5038,5033,5028,5023,5029,5034,5033,5038,5049,5055,5056,5057,5058,5059,5054,5043,5037,5042,5047,5052,5057,5051,5045,5044,5038,5033,5034,5040,5045,5044,5038,5033,5028,5022,5027,5033,5039,5050,5055,5049,5044,5050,5055,5049,5044,5045,5040,5035,5036,5042,5053,5059,5054,5043,5032,5021,5015,5014,5013,5012,5017,5022,5016)
(10350,1,5004,5003,5002,5007,5013,5019,5024,5018,5012,5017,5028,5033,5027,5022,5017,5006,5001,5007,5018,5024,5019,5014,5015,5021,5032,5037,5031,5025,5019,5013,5018,5024,5019,5014,5020,5026,5032,5037,5042)
(10351,1,5054,5043,5032,5026,5020,5015,5021,5026,5020,5015,5021,5026,5031,5042,5047,5046,5051,5057,5052,5047,5053,5059,5054,5048,5042,5036,5030,5025,5026,5032,5037,5031,5026,5021,5010)
(10352,1,5054,5048,5042,5036,5030,5025,5026,5021,5010)
(10353,1,5002,5008,5014,5009,5004,5010,5021,5026,5020,5015,5021,5026,5025,5019,5014,5020,5025,5019,5014,5015,5010,5004,5009,5020,5025,5019,5008,5003,5009,5014,5019,5025,5026,5021,5015,5020,5025,5030,5036,5031,5026,5021,5010,5004,5009,5014,5008,5002,5007,5018,5024,5025,5031,5042,5047,5052,5057,5051,5046,5052,5057,5051,5046,5052,5057,5056)
(10354,1,5052,5058,5053,5042,5037,5032,5021,5010,5004,5009,5015,5021,5026,5020,5015,5021,5026,5025,5019)
(10355,1,5026,5025,5024,5018,5012,5017,5023,5029,5034,5028,5017,5012,5013,5019,5030,5036,5042,5047,5041,5036,5042,5053,5058,5052,5047,5053,5059)
(10356,1,5020,5026,5032,5043,5054)
(10357,1,5010,5004,5003,5002,5007,5018,5029,5034,5033,5027,5022,5028,5033,5038,5049,5055,5056)
(10358,1,5059,5054,5048,5047,5052,5057,5056,5050,5044,5038,5033,5028,5023,5029,5040,5045,5039,5028,5023,5018,5007,5001,5000,5005,5016)
(10359,1,5007,5002,5003,5004,5010,5015,5014,5013,5007,5002,5003,5009,5015,5021,5026,5025,5019,5008,5003,5004,5010,5015,5009,5004,5010,5021,5026,5031,5036,5030,5019,5014,5020,5031,5037,5043,5054,5059)
(10360,1,5038,5033,5034,5040,5046,5052,5057,5051,5040,5035,5036,5031,5020,5014,5008,5003,5004)
(10361,1,5026,5020,5014,5019,5025,5020,5014,5008,5002,5001,5000,5005,5016,5027,5033,5028,5023,5018,5007,5002,5003,5009,5014,5013,5018,5023,5028,5033,5038,5049,5055,5050,5045,5051,5056,5050,5045,5046,5052,5058,5059)
(10362,1,5019,5030,5035,5029,5023,5017,5012,5013,5019,5024,5018,5007,5001,5000,5005,5011,5017,5028,5034,5029,5023,5017,5012,5007,5002,5008,5013,5012,5017,5028,5033,5038,5049,5055,5050,5044,5038,5033,5034,5035,5041)
(10363,1,5032,5021,5015,5020,5026,5032,5037,5031,5026,5032,5037,5036,5030,5024,5018,5013,5014,5020,5025,5019,5013,5018,5024,5030,5041,5047,5048,5054,5059,5053,5048,5043,5037,5036,5030,5025,5031,5036,5030,5024,5018,5007)
(10364,1,5034,5028,5023,5029,5034,5028,5023,5029,5034,5028,5022,5027,5038,5044,5039,5028,5023,5018,5012,5006)
(10365,1,5023,5029,5034,5028,5023,5024,5025,5026,5021,5010,5004,5003,5002,5007,5012,5006,5000,5005,5016,5027,5033,5039,5044,5049,5055)
(10366,1,5054,5048,5042,5037,5032,5021,5010,5004,5009,5015,5021,5032,5043,5048,5047,5052,5057,5051,5040,5035,5041,5047,5053,5058,5052,5046,5045,5039,5034,5029,5024,5030,5035,5029,5024,5019,5008,5003,5009,5014,5019,5025,5020,5014,5013,5007)
(10367,1,5034,5033,5038,5044,5039,5028,5023,5029,5034,5028,5023,5018,5007,5002,5003,5009,5020,5025,5030,5041,5046,5040,5034,5028,5022,5016,5011,5006,5001,5007,5018,5023,5022,5016,5011,5012,5007,5002,5003,5004,5010,5021,5032,5037,5042,5053,5059,5054,5048,5047,5046,5051,5057,5058,5053,5047,5046,5045,5044,5038,5027,5022,5017,5012,5013,5014,5009,5003,5002,5007,5012,5006,5001,5002,5008,5019,5025,5026,5032,5043,5054,5059,5058,5057,5051,5040,5029,5024,5019,5014,5020,5025,5024,5023,5017,5012,5013,5008,5003,5009,5020,5025,5019,5014,5015,5010,5004,5003,5002,5001,5006,5011,5005)
(10368,1,5040,5045,5039,5033,5027,5022,5028,5039,5044,5038,5027,5022,5028,5039,5050,5055,5049,5038,5027,5022,5023,5029,5034,5039,5044,5038,5033,5039,5044,5038,5027,5022,5017,5011,5016,5027,5038,5044,5045,5046,5052,5058,5059,5054,5048,5047,5046,5040,5034,5039,5045,5040,5034,5028,5017,5006,5001)
(10369,1,5012,5006,5001,5002,5003,5009,5014,5019,5025,5020,5014,5013,5007,5002,5008,5013,5007,5001,5000,5005,5016,5027,5038,5049,5055,5056)
(10370,1,5005,5016,5027)
(10371,1,5005,5016,5027,5038,5049,5055,5056)
(10372,1,5013,5019,5025,5031,5036,5030,5025,5020,5015,5010,5004,5003,5002,5007,5018,5024,5030,5035,5029,5024,5025,5026,5021,5010,5004,5003,5008,5013,5007,5001,5000,5005,5016,5022,5028,5034,5040,5045,5039,5033,5038,5044,5050,5055,5049,5038,5033,5039,5050,5056,5057,5052)
(10373,1,5050,5056,5051,5046,5052,5058,5053,5047,5041,5030,5019,5014,5020,5026,5032,5037,5042,5048,5043,5032,5021,5010,5004)
(10374,1,5038,5033,5028,5022,5016)
(10375,1,5047,5048,5054,5059,5058,5057,5051,5046,5047,5048,5054,5059,5053,5047,5052,5057,5056,5055,5049,5044,5039,5028,5023,5029,5034,5028,5023,5029,5040,5045,5039,5034,5040,5045,5044,5038,5027,5022,5023,5018,5013,5019,5025,5031,5037,5032,5026,5025,5030,5041,5047,5053,5058,5052,5047,5042,5037,5043,5048,5047,5041,5036,5031,5020,5014,5008,5002)
(10376,1,5013,5007,5001,5000,5005,5016,5027,5038,5049,5055,5056,5057,5052,5041,5030,5025,5026,5032,5043,5048,5042,5036,5041,5046,5051,5057,5052,5046,5040,5035,5041,5052,5057,5051,5040,5035,5041,5052,5058,5059)
(10377,1,5031,5020,5015,5021,5032,5043,5054,5059,5058,5057,5051,5040,5029,5023,5017,5012,5018,5023,5022,5027,5038,5049,5055,5050,5044,5049,5055,5056,5051,5045,5050,5055,5049,5044,5050,5056,5057,5058,5059,5054,5048,5042,5031,5026,5032,5037,5031,5026,5021,5010,5004,5003)
(10378,1,5052,5046,5040,5029,5024,5030,5035,5034,5028,5023,5018,5007)
(10379,1,5053,5059,5054,5043,5037,5036,5030,5025,5031,5042,5053,5058,5052,5047,5042,5031,5020,5015,5010,5004,5003,5008,5013)
(10380,1,5055,5056,5051,5045,5050,5056,5051,5045,5050,5056,5051,5040,5029,5018,5007,5001,5000,5005,5011,5017,5028,5033,5027,5016,5011,5012,5013)
(10381,1,5018,5029,5035,5036,5042)
(10382,1,5047,5041,5035,5029,5024,5025,5026,5032,5037,5036,5041,5052,5058,5053,5048,5054,5059,5053,5048,5054,5059,5053,5042,5036,5041,5046,5040,5035,5030,5024,5023,5017)
(10383,1,5026,5020,5009,5004,5010,5015,5009,5004,5010,5015,5014,5013,5018,5024,5030,5041,5046,5040,5035,5041,5052,5058,5059)
(10384,1,5014,5008,5003,5009,5020,5025,5030,5035,5040,5045,5044,5038,5033,5034,5029,5024,5019,5014,5020,5025,5024,5018,5013,5019,5030,5035,5040,5045,5050)
(10385,1,5021,5010,5004,5009,5015,5010,5004,5009,5020,5031,5036,5030,5025,5031,5037,5043,5054)
(10386,1,5043,5037,5031,5026,5021,5015,5009,5004,5010,5021,5026,5020,5009,5003,5008,5019,5024,5029,5035,5041,5052,5058,5059,5054,5048,5047,5052,5058,5059,5054,5043,5037,5031,5025,5024,5029,5034,5028,5022,5016)
(10387,1,5055,5056,5051,5046,5047,5053,5058,5057,5056,5050,5039,5028,5023,5029,5034,5028,5017,5006,5001,5002,5008)
(10388,1,5005,5011,5006,5001,5002,5008,5013,5018,5024,5019,5008,5003,5009,5014,5008,5003,5009,5015,5021,5026,5031,5037,5043,5048,5042,5037,5032,5026,5031,5042,5048,5054,5059,5058,5052)
(10389,1,5040,5035,5041,5047,5053,5058,5052,5041,5036,5042,5053,5058,5052,5047,5053,5058,5057,5051,5040,5035,5041,5047,5053,5059,5054,5048,5053,5059,5054,5043,5032,5026,5031,5037,5043,5048,5053,5058,5057,5056,5055,5049,5038,5027,5016,5011,5017,5028,5033,5027,5016,5005)
(10390,1,5048,5043,5037,5036,5035,5034,5033,5038,5049,5055,5050,5044,5049,5055,5050,5045,5051,5057,5052,5041,5036,5037,5043,5054,5059,5053,5042,5036,5030,5024,5018,5007,5001,5006,5017,5022,5027,5038,5044,5045,5051,5056,5055,5049,5038,5033,5039,5044,5038,5027,5022,5028,5034,5029,5024,5019,5014,5009,5004,5010,5015,5009,5004,5010,5021,5026,5020,5015,5021,5026,5020,5009,5003,5002,5001,5000)
(10391,1,5004,5010,5015,5014,5019,5025,5026,5032,5037,5042,5048,5054,5059,5053,5047,5041,5035,5034,5039,5045,5046,5047,5053,5058,5057,5056,5050,5045,5040,5035,5041,5052,5057,5056,5055)
(10392,1,5033,5038,5049,5055,5050,5045,5046,5052,5057,5051,5046,5041,5030,5019,5014,5015,5021,5026,5031,5036,5030,5025,5031,5036,5030,5025,5031,5037,5043,5054,5059,5058,5052,5041,5035,5029,5018,5007,5002,5003,5009,5020,5026,5021,5010,5004,5009,5014,5008,5003,5009,5015,5021,5026,5020,5015,5010,5004,5003,5002,5001)
(10393,1,5001,5006,5012,5018,5029,5034,5033,5027,5022,5028,5033,5038,5044,5039,5028,5023,5029,5035,5041,5052,5057,5051,5040,5029,5023,5028,5039,5044,5049)
(10394,1,5005,5016,5027,5033,5028,5023,5024,5030,5035,5029,5018,5013,5008,5002,5001,5000,5005,5011,5017,5022,5027,5033,5034,5029,5018,5013,5008,5002,5001,5000,5005,5011,5017,5023,5018,5012,5011,5016,5027,5038,5044,5039,5028,5022,5016,5011,5006,5000,5005,5016,5027,5033,5028,5017,5012,5013,5019,5024,5018,5013,5008,5003,5009,5020,5025,5019,5008,5003,5009,5015,5010,5004,5003,5002,5007,5018,5023,5028,5039,5044,5049,5055,5056,5057,5058,5059,5054)
(10395,1,5047,5041,5035,5029,5023,5028,5034,5035,5041,5046,5040,5034,5039,5050,5055,5049,5044,5050,5055,5049,5044,5045,5051,5057,5058,5059,5054,5043,5032,5026,5020)
(10396,1,5051,5046,5052,5057,5051,5046,5052,5057,5051,5046,5052,5058,5053,5047,5041,5036,5042,5047,5041,5036,5031,5025,5019,5014,5015,5010,5004)
(10397,1,5056,5050,5039,5034,5040,5051,5057,5058,5059,5054,5043,5037,5036,5030,5019,5008,5002,5007,5013,5014,5009)
(10398,1,5055,5049,5038,5027,5022,5017,5012,5018,5023,5028,5039,5044,5038,5033,5039,5044,5038,5027,5016,5011,5006,5001,5007,5012,5006,5000)
(10399,1,5014,5020,5026,5021,5010,5004,5009,5015,5010,5004,5003,5002,5001,5000,5005,5016,5027,5033,5039,5044,5049,5055,5050,5044,5038,5033,5028,5023,5029,5035,5036,5042,5053,5059,5054)
(10400,1,5021,5010,5004,5003,5002,5007,5012,5017,5022,5027,5033,5039,5044,5038,5033,5039,5044,5049,5055,5056,5057,5058,5059)
(10401,1,5059,5053,5047,5046,5045,5039,5028,5022,5016,5011,5006,5000,5005,5011,5017,5022,5016,5011,5006,5000,5005,5016,5022,5017,5012,5018)
(10402,1,5055,5049,5044,5050,5055,5049,5038,5033,5034,5040,5046,5041,5036,5042,5048,5054,5059,5053,5048,5054,5059,5058,5057,5056,5055,5049,5044,5050,5055,5049,5038,5027,5022,5028,5034,5040,5045,5050,5056,5051,5045,5039,5034,5040,5045,5039,5028,5023,5024,5030,5041,5052,5058,5053,5048,5043,5032,5026,5020)
(10403,1,5017,5012,5007,5002,5008,5014,5020,5031,5037,5032,5021,5010,5004,5003,5008,5014,5020,5025,5024,5018,5013,5008,5002,5001,5000,5005,5011,5012,5007,5001,5000,5005,5011,5006,5000,5005,5016,5027,5038,5049,5055,5056)
(10404,1,5030,5025,5020,5014,5019,5024,5023,5017,5012,5018,5024,5025,5031,5036,5030,5019,5008,5003,5004,5010,5015,5014,5013,5007,5001,5000)
(10405,1,5056,5057,5052,5047,5053,5058,5052,5047,5042,5036,5030,5019,5014,5020,5025,5019,5008,5002,5007,5012,5006,5001,5007,5012,5017)
(10406,1,5042,5048,5043,5032,5026,5020,5015,5021,5026,5025,5019,5008,5003,5009,5015,5010,5004,5003,5002,5007,5013,5008,5003,5009,5014,5019,5030,5036,5042,5047,5052,5057,5051,5040,5029,5023,5017,5011,5016,5022,5017,5012,5013,5008,5003,5009,5014,5008,5002,5001)
(10407,1,5010,5015,5009,5004,5010,5015,5014,5019,5025,5020,5015,5010,5004,5003,5008,5014,5020,5031,5037,5032,5026,5020,5014,5019,5030,5041,5052,5058,5059,5054)
(10408,1,5028,5033,5038,5044,5050)
(10409,1,5048,5043,5037,5031,5020,5009,5004,5010,5015,5014,5008)
(10410,1,5011,5006,5000,5005,5011,5012,5007,5002,5008,5013,5018,5024,5030,5041,5046,5040,5029,5018,5013,5019,5025,5020,5009,5003,5002,5001,5000,5005,5011,5017,5022,5027,5038,5049)
(10411,1,5030,5025,5031,5037,5043,5048,5047,5041,5036,5037,5043,5054,5059,5053,5048,5054,5059,5053,5047,5041,5036,5031,5026,5021,5010,5004,5003,5002)
(10412,1,5038,5033,5039,5044,5049,5055,5050,5045,5040,5034,5033,5038,5049,5055,5056,5057,5058,5059,5054,5048,5047,5041,5036,5031,5025,5019,5013,5018,5023,5028,5033,5038,5049,5055,5056,5057,5058,5053,5047,5041,5035,5029,5023,5028,5033,5038,5049,5055,5050,5045,5040,5035,5036,5042,5047,5052,5058,5059,5054,5043,5032,5021,5010,5004,5003,5002,5007,5012,5011,5005,5000)
(10413,1,5052,5047,5053,5059,5054,5043,5032,5021)
(10414,1,5045,5039,5034,5035,5041,5047,5042,5031,5020,5015,5010,5004,5003,5008,5013)
(10415,1,5057,5052,5047,5042,5037,5043,5054,5059,5053,5042,5036,5035,5040,5045,5039,5033,5027)
(10416,1,5005,5016,5027,5038,5049,5055)
(10417,1,5004,5010,5021,5026,5025,5019,5008,5003,5009,5014,5008,5003,5009,5014,5008,5002,5001,5000,5005,5016,5022,5028,5039,5044,5049,5055,5056,5051,5046,5052,5058,5053)
(10418,1,5023,5022,5027,5033,5039,5050,5055,5049,5038,5027,5016,5011,5012,5018,5023,5017,5012,5018,5024,5030,5035,5029,5024,5030,5036,5031,5020,5015,5010,5004,5003,5008,5019,5030,5035,5040,5045,5039,5028,5022,5027,5033,5039,5044,5038,5027,5016,5011,5006,5000,5005,5011,5017,5022,5027,5038,5049,5055,5050,5039,5034,5040,5051)
(10419,1,5059,5054,5043,5032,5021,5015,5020,5025,5019,5008,5002,5001,5000,5005,5011,5006,5000,5005,5016,5022,5028,5039,5050,5056,5057,5058,5053,5042,5037,5032,5021,5010,5004)
(10420,1,5042,5048,5054,5059,5058,5052,5047,5053,5059,5054,5043,5037,5042,5047,5052,5057,5051,5040,5029,5023,5022,5027,5038,5049,5055,5050,5039,5034,5040,5051,5056,5050,5044,5038,5027,5016,5011,5006,5001,5002)
(10421,1,5029,5023,5017,5012,5007,5002,5008,5013,5007,5001,5000)
(10422,1,5043,5037,5036,5041,5046,5045,5039,5034,5029,5024,5030,5035,5040,5045,5050,5055,5049,5044,5050,5055,5049,5038,5033,5039,5044,5038,5027,5022,5028,5033,5027,5022,5028,5039,5045,5040,5029,5024,5025,5031,5042,5047,5041,5036,5042,5048,5054,5059,5058,5052,5041,5036,5037,5032,5021,5010,5004,5009,5014,5019,5025,5031,5036,5035,5040,5051,5056,5050,5039,5033,5027,5016)
(10423,1,5017,5023,5024,5025,5031,5036,5030,5025,5031,5037,5032,5021,5010,5004,5003,5002,5001,5006,5017,5022,5027,5038,5049,5055,5056)
(10424,1,5055,5056,5057,5052,5046,5040,5029,5024,5025,5031,5037,5032,5026,5020,5015,5010)
(10425,1,5010,5021,5032,5043,5054,5059,5053,5042,5031,5026,5021,5015,5009,5004,5010,5015,5009,5004,5010,5021,5032,5037,5036,5041)
(10426,1,5003,5009,5015,5010,5004,5003,5002,5007,5018,5029,5034,5039,5044,5038,5033,5028,5023,5029,5034,5028,5022,5016,5011,5017,5022,5016,5011,5017,5022,5027,5038,5049)
(10427,1,5049,5044,5039,5034,5029,5023,5028,5039,5050,5055,5049,5038,5027,5022,5023,5029,5040,5045,5044,5038,5033,5028,5023,5029,5040,5051,5056,5050,5039,5033,5027,5016,5011,5006,5001,5007,5012,5017,5028,5034,5040,5045,5044,5038,5033,5039,5050,5055,5049,5038,5033,5039,5044,5038,5027,5022,5028,5033,5027,5022,5028,5034,5035,5036,5031,5026,5021,5015,5014,5008,5002,5007,5018,5029,5040,5045,5050,5055,5049,5038,5027,5022,5028,5039,5050,5055,5049,5044,5039,5028,5017,5012,5007,5002,5008,5014,5020,5025,5019,5008,5003,5004)
(10428,1,5045,5051,5056,5050,5044,5049,5055,5050,5044,5049,5055,5056,5057,5058,5059,5054,5048,5053,5058,5052,5047,5042,5031,5026,5021,5010,5004,5003,5002,5001,5000)
(10429,1,5039,5033,5027,5016,5011,5006,5001,5002)
(10430,1,5055,5050,5045,5040,5029,5024,5030,5035,5040,5051,5056,5055,5049,5038,5033,5039,5050,5055,5049,5038,5033,5028,5017,5012)
(10431,1,5001,5002,5008,5013,5012,5006,5001,5007,5012,5011,5016,5027,5038,5049,5055,5050,5045,5051)
(10432,1,5033,5038,5049,5055,5056,5057,5058,5059,5054,5043,5032,5026,5020,5009,5004,5010,5015,5014,5019,5024,5018,5012,5006)
(10433,1,5004,5003,5002,5001,5000,5005,5016,5027,5038,5049,5055,5050)
(10434,1,5013,5007,5002,5008,5019,5024,5023,5028,5034,5035,5041,5047,5048,5043,5032,5026,5025,5019,5008,5003,5009,5014,5019,5030,5036,5037,5043,5048,5042,5031,5026,5032,5043,5054,5059,5053,5047,5052,5057,5051,5046,5041,5036,5031,5020,5015,5021,5026,5031,5036,5030,5025,5026,5032,5037,5042,5047,5046,5045,5050)
(10435,1,5001,5002,5008,5014,5020,5026,5032,5037)
(10436,1,5008,5003,5004,5010,5021,5026,5020,5015,5021,5026,5025,5019,5014,5020,5026,5032,5043)
(10437,1,5026,5021,5015,5009,5004,5010,5015,5009,5003,5002,5001,5000,5005,5016,5027,5038,5044,5050,5055,5049,5038,5033,5028,5023,5029,5035,5030,5025,5026,5032,5037,5042,5048,5054)
(10438,1,5034,5040,5046,5052,5057,5051,5040,5029,5023,5017,5006,5001,5007,5012,5011,5005)
(10439,1,5053,5059,5054,5048,5042,5031,5026,5032,5043,5048,5053,5058,5057,5056,5050,5045,5051,5056,5050,5045,5040,5034,5028,5023,5024,5030,5036,5042,5048,5043,5032,5021,5010,5004,5003,5008,5013,5007,5001)
(10440,1,5032,5037,5042,5047,5052,5057,5056,5055,5049,5044,5050,5055,5049,5038,5033,5028,5023,5024,5025,5031,5036,5041,5047,5053,5059)
(10441,1,5014,5019,5024,5018,5012,5017,5023,5029,5040,5051,5056,5055,5049,5044,5039,5034,5029,5018,5007,5002,5003,5009,5020,5026,5021,5015,5009,5003,5002,5007,5012,5017,5022,5027,5033,5028,5022,5016,5011,5017,5022,5016,5011,5017,5022,5027,5033,5034,5040,5051,5056,5050,5045,5046,5052,5058,5053,5048)
(10442,1,5005,5011,5017,5028,5039,5045,5046,5052,5057)
(10443,1,5015,5010,5004,5003,5002,5007,5013,5014,5015,5021,5026,5025,5030,5036,5037,5032,5021,5015,5020,5031,5037,5032,5026,5025,5030,5041,5052,5057,5056,5055)
(10444,1,5039,5050,5055,5049,5038,5033,5034,5040,5045,5039,5028,5017,5006)
(10445,1,5045,5050,5055,5049,5038,5033,5028,5023,5029,5040,5045,5039,5034,5029,5023,5028,5033,5027,5022,5023,5029,5040,5051,5056,5050,5044,5038,5033,5039,5044,5049,5055,5050,5045,5040,5034,5039,5050,5055,5049,5038,5027,5022,5028,5039,5050,5056,5057,5058,5059,5054,5043,5032,5026,5020,5015,5010,5004)
(10446,1,5054,5059,5053,5047,5046,5040,5029,5018,5013,5014,5015,5021,5026,5031,5036,5030,5025,5026,5021,5010,5004,5003,5008,5013,5007,5002,5008,5014,5020,5026,5032,5043,5054,5059,5058,5057,5056,5050,5039,5028,5023,5029,5034,5028,5023,5018,5013,5019,5030,5036,5042,5048,5054,5059,5053,5048,5054,5059,5058,5057,5051,5046,5052,5058,5053,5047,5046,5045,5039,5033,5027,5022,5017,5006,5001,5007,5012,5006,5000)
(10447,1,5037,5043,5048,5042,5036,5030,5024,5023,5028,5034,5040,5045,5039,5034,5040,5045,5050,5056,5057,5052,5047,5053,5058,5052,5046,5051,5056,5055,5049,5038,5027,5022,5028,5033,5027,5016,5005,5000)
(10448,1,5044,5045,5046,5052,5058,5059,5054,5048,5047,5052,5057,5056,5055,5049,5044,5045,5051,5056,5050,5045,5046,5052,5058,5053,5047,5052,5057,5056,5050,5044,5038,5033,5034,5035,5041,5046,5045,5044,5038,5027,5022,5023,5029,5040,5051,5056,5050,5045,5051,5056,5050,5039,5034,5040,5046,5052,5057,5056,5050,5044,5049,5055,5050,5045,5046,5041,5036,5042,5047,5041,5036,5042,5047,5046,5045,5044,5049,5055,5056,5051,5046,5041,5036,5042,5053,5059,5054,5043,5032,5021,5010,5004,5003)
(10449,1,5053,5048,5043,5037,5042,5053,5058,5052,5047,5053,5058,5057,5051,5045,5039,5034,5040,5045,5044,5038,5033,5028,5023,5018,5013,5008,5003,5009,5014,5019,5024,5018,5012,5006,5000,5005)
(10450,1,5014,5019,5024,5018,5007,5002,5003,5009,5020,5025,5030,5035,5029,5024,5019,5008,5002,5007,5012,5006,5001,5002,5003,5009,5020,5025,5030,5035,5029,5024,5030,5036,5031,5020,5015,5021,5026,5020,5009,5004,5010,5015,5014,5008,5003,5004,5010,5021,5026,5025,5024,5023,5017,5012,5018,5023,5017,5006,5001,5002,5008,5013,5007,5001,5006,5012,5013,5019,5030,5036,5031,5026,5021,5015,5014,5008,5003,5009,5014,5008,5003,5009,5014,5013,5007,5001,5000,5005,5016,5027,5038,5044,5045,5040,5029,5024,5030,5036,5037,5043,5054)
(10451,1,5024,5029,5034,5039,5044,5049,5055,5050,5044,5038,5027,5022,5028,5033,5038,5044,5050,5055,5049,5044,5039,5034,5040,5046,5052,5057,5051,5046,5052,5057,5051,5046,5047,5048,5054,5059)
(10452,1,5024,5030,5036,5042,5047,5052,5057,5051,5046,5047,5048,5054)
(10453,1,5040,5045,5044,5038,5033,5039,5050,5055,5049,5044,5050,5055,5049,5044,5039,5034,5040,5045,5039,5034,5040,5045,5039,5028,5023,5029,5034,5028,5023,5018,5007,5001)
(10454,1,5009,5014,5019,5024,5029,5034,5039,5045,5046,5052,5058,5059,5054,5043,5037,5031,5026,5032,5043,5048,5047,5041,5030,5019,5014,5015,5010,5004,5003,5002,5007,5018,5023,5017,5011,5016,5027,5038,5049)
(10455,1,5018,5029,5035,5041,5047,5042,5036,5041,5052,5057,5051,5046,5052,5058,5059,5054,5048,5047,5041,5036,5037,5043,5048,5053,5058,5057,5051,5045,5044,5038,5027,5022,5023,5029,5034,5028,5023,5029,5035,5041,5052,5057,5056,5050,5045,5046,5052,5058,5053,5042,5037,5043,5054,5059,5058,5057,5051,5040,5035,5030,5025,5026,5032,5037,5036,5030,5025,5031,5042,5053,5058,5052,5041,5036,5037,5043,5048,5047,5052,5057,5056,5055)
(10456,1,5051,5045,5044,5038,5033,5039,5045,5040,5034,5028,5023,5029,5034,5028,5017,5012,5018,5024,5019,5014,5009,5004,5010,5015,5009,5004,5010,5021,5032,5043,5054,5059,5053,5047,5041,5036,5031,5026,5021,5015,5020,5025,5019,5014,5020,5025,5024,5029,5034,5039,5050,5055,5049,5044,5039,5033,5027)
(10457,1,5010,5004,5003,5008,5013,5018,5024,5019,5013,5012,5011,5016,5027,5038,5049,5055)
(10458,1,5040,5029,5024,5025,5020,5014,5008,5003,5004,5010,5021,5032,5043,5054,5059,5053,5042,5036,5030,5024,5018,5013,5019,5024,5018,5012,5006,5000,5005,5011,5006,5001)
(10459,1,5032,5026,5020,5015,5010,5004,5009,5014,5013,5012,5006,5001,5007,5018,5029,5040,5045,5039,5028,5023,5018,5013,5014,5020,5025,5024,5023,5022,5016,5005)
(10460,1,5032,5021,5015,5014,5019,5030,5036,5031,5020,5015,5021,5032,5043,5054,5059,5058,5052,5047,5053,5058,5052,5041,5036,5042,5047,5046,5040,5035,5036,5037,5043,5048,5053,5058,5052,5047,5048,5043,5032,5021,5010,5004,5003,5002,5001)
(10461,1,5004,5010,5021,5032,5043,5048,5042,5036,5030,5025,5020,5014,5008,5003,5009,5014,5013,5018,5023,5017,5006,5000,5005,5016,5027,5038,5044,5045,5046,5047,5053,5058,5052,5046,5040,5035,5036,5031,5026,5021,5010,5004,5009,5014,5019,5024,5018,5013,5019,5024,5018,5012,5006,5000,5005,5016,5022,5017,5011,5016,5027,5038,5049)
(10462,1,5018,5013,5008,5002,5007,5012,5006,5000,5005,5011,5012,5018,5024,5025,5026,5032,5043,5054,5059,5053,5048,5054,5059,5058,5052,5041,5035,5029,5018,5013,5014,5009,5004,5010,5015,5014,5008,5003,5009,5014,5008,5003,5009,5020,5025,5024,5018,5013,5019,5030,5035,5040,5045,5044,5038,5033,5034,5035,5036,5037,5032,5021,5010,5004,5003,5008,5019,5030,5041,5052,5057)
(10463,1,5008,5002,5001,5006,5012,5018,5023,5017,5012,5018,5023,5028,5039,5045,5046,5041,5030,5019,5013,5007,5001,5000,5005,5016,5022,5023,5029,5034,5039,5045,5046,5041,5036,5042,5053,5059)
(10464,1,5001,5007,5012,5006,5001,5007,5012,5017,5023,5029,5034,5028,5023,5029,5040,5051,5057,5058,5053)
(10465,1,5025,5026,5021,5010,5004,5003,5008,5013,5018,5024,5030,5035,5040,5045,5039,5034,5040,5045,5050,5055,5049,5038,5033,5039,5044,5049,5055,5056,5051,5045,5044,5038,5027,5016,5011,5006,5000,5005,5016,5027,5038,5049,5055,5050,5039,5034,5035,5036,5031,5026,5032,5043,5048,5053)
(10466,1,5024,5029,5034,5028,5022,5027,5038,5044,5039,5034,5029,5023,5028,5039,5044,5049,5055,5056,5057,5052,5047,5042,5031,5020,5015,5010,5004,5009,5020,5026,5032,5037,5031,5026,5021,5015,5014,5013,5007,5002,5008,5019,5024,5029,5040,5046,5047,5053,5058,5052,5041,5030,5025,5026,5032,5037,5031,5026,5032,5043,5054)
(10467,1,5026,5020,5009,5004,5010,5021,5026,5020,5015,5021,5032,5043,5048,5042,5031,5025,5030,5035,5040,5051,5056,5055,5049,5038,5027,5016,5011,5006,5001,5007,5012,5006,5001,5002,5008,5019,5025,5031,5042,5053,5058,5052,5047,5053,5059)
(10468,1,5004,5010,5015,5020,5025,5019,5013,5007,5001,5000,5005,5016,5027,5038,5049,5055,5056,5051,5046)
(10469,1,5032,5026,5020,5015,5021,5026,5031,5036,5030,5025,5026,5032,5043,5054,5059,5058,5052,5047,5053,5058,5052,5041,5036,5042,5048,5054,5059,5053,5048,5054,5059,5053,5048,5043,5032,5026,5020,5009,5004,5010,5021,5032,5043,5048,5053,5058,5057,5056,5050,5045,5046,5041,5036,5042,5047,5046,5051,5056,5050,5044,5038,5033,5039,5044,5038,5033,5028,5023,5018,5013,5008,5003,5004,5010,5021,5026,5020,5015,5021,5026,5020,5015,5010,5004,5003,5002)
(10470,1,5030,5025,5020,5009,5003,5002,5001,5006,5017,5022,5016,5011,5012,5013,5019,5024,5018,5007,5001,5006,5011,5005)
(10471,1,5050,5044,5049,5055,5056,5051,5045,5050,5055,5049,5044,5050,5055,5049,5038,5027,5022,5023,5029,5034,5028,5017,5012,5018,5023,5017,5006,5001,5007,5012,5006,5000)
(10472,1,5030,5036,5042,5053,5058)
(10473,1,5024,5029,5034,5033,5027,5022,5028,5039,5044,5038,5027,5022,5023,5029,5034,5039,5044,5038,5027,5022,5017,5012,5018,5023,5028,5033,5027,5016,5011,5017,5023,5024,5025,5031,5036,5041,5046,5045,5050,5055,5049,5044,5045,5046,5047,5053,5059)
(10474,1,5012,5018,5024,5019,5014,5020,5025,5019,5008,5002,5001,5000,5005,5016,5027,5038,5044,5039,5034,5035,5036,5042)
(10475,1,5048,5054,5059,5053,5047,5052,5057,5051,5045,5039,5028,5022,5027,5038,5044,5050,5056,5051,5040,5029,5024,5030,5035,5029,5018,5013,5014,5015,5021,5026,5031,5036,5035,5029,5024,5025,5020,5015,5010,5004)
(10476,1,5056,5057,5058,5059,5054,5048,5053,5058,5052,5047,5053,5058,5052,5047,5053,5058,5057,5051,5040,5035,5041,5046,5040,5029,5018,5013,5008,5003,5004,5010,5015,5014,5008,5002,5001)
(10477,1,5045,5051,5057,5052,5041,5030,5025,5026,5032,5037,5042,5047,5046,5045,5044,5038,5033,5039,5050,5056,5051,5045,5050,5056,5057,5052,5041,5036,5031,5020,5015,5021,5026,5025,5019,5014,5015,5021,5026,5020,5009)
(10478,1,5000,5005,5011,5006,5000,5005,5016,5027,5038,5049,5055,5050,5045,5051,5056,5055,5049,5044,5050,5055,5049,5044,5045,5046,5052,5057,5051,5046,5041)
(10479,1,5050,5045,5046,5041,5030,5025,5031,5036,5030,5019,5014,5009,5004,5010,5015,5009,5004,5010,5015,5014,5019,5025,5026,5021,5015,5014,5008,5003,5004,5010,5015,5014,5013,5012,5006,5001,5007,5012,5006,5000,5005)
(10480,1,5013,5018,5023,5017,5006,5001,5007,5013,5014,5020,5025,5019,5013,5018,5029,5040,5051,5057)
(10481,1,5034,5033,5038,5049,5055,5056,5057,5058,5053,5047,5041,5036,5037,5032,5021,5010,5004,5009,5015,5010,5004,5009,5020,5025,5024,5023,5022,5016,5011,5017,5022,5027,5038,5044,5050,5056,5057,5052,5041,5035,5029,5023,5022,5027,5038,5049,5055,5050,5045,5051,5057,5058,5059,5054,5043,5032,5021,5010,5004,5009,5020,5025,5030,5041,5052,5057,5056,5055,5049,5044,5045,5046,5047,5048,5054,5059,5058,5057,5051,5040,5035,5030,5025,5020,5015,5021,5032,5043,5048,5042,5036,5035,5029,5018,5013,5008,5003,5009,5014,5008,5002,5001,5000)
(10482,1,5028,5023,5029,5034,5039,5045,5051,5056,5055,5049,5038,5033,5039,5045,5046,5047,5053,5058,5052,5046,5040,5034,5039,5044,5049,5055,5056,5057,5058,5053,5048,5054,5059,5053,5048,5054,5059,5058,5057,5051,5040,5034,5033,5027,5016,5011,5017,5022,5027,5038,5044,5045,5046,5041,5036,5042,5053,5059,5054,5048,5047,5046,5045,5044,5049,5055,5056,5057,5058,5053,5042,5036,5030,5025,5020,5015,5010,5004,5009,5015,5010,5004,5009,5014,5019,5024,5029,5035,5041,5047,5042,5037,5043,5048,5042,5037,5043,5054,5059,5053,5048,5043,5037,5042,5048,5043,5032,5021,5010,5004,5003,5002,5007,5012,5006,5000)
(10483,1,5012,5018,5023,5017,5006,5001,5002,5003,5004,5010,5021,5026,5031,5037,5043,5054)
(10484,1,5055,5049,5044,5045,5046,5047,5053,5058,5057,5051,5040,5035,5036,5042,5047,5046,5045,5039,5034,5035,5041,5046,5045,5044,5049,5055,5050,5045,5051,5057,5052,5047,5053,5059,5054,5043,5037,5031,5026,5021,5010,5004,5009,5020,5025,5024,5018,5007,5001,5006,5017)
(10485,1,5028,5034,5029,5024,5025,5020,5009,5004,5010,5015,5009,5004,5010,5015,5020,5031,5037,5043,5054,5059,5053,5042,5036,5041,5046,5040,5035,5041,5052)
(10486,1,5010,5015,5009,5004,5010,5015,5020,5025,5030,5041,5052,5057,5056,5050,5044,5038,5027,5016,5011,5017,5028,5033,5038,5049,5055,5050,5045,5040,5035,5036,5042,5047,5041,5035,5029,5018,5013,5014,5015,5021,5032,5037,5031,5020,5015,5010,5004,5003,5002,5001,5000,5005,5016,5027,5038,5049,5055,5056,5051,5046,5041,5036,5037,5043)
(10487,1,5032,5043,5048,5053,5058,5052,5041,5030,5025,5031,5036,5041,5046,5045,5050,5056,5057,5058,5059)
(10488,1,5022,5023,5024,5030,5036,5037,5032,5021,5015,5009,5004,5010,5015,5014,5013,5018,5023,5017,5012,5007,5001,5006,5017,5023,5018,5007,5001,5000,5005,5016,5027,5038,5049)
(10489,1,5023,5029,5040,5051)
(10490,1,5025,5019,5008,5003,5009,5015,5021,5026,5020,5015,5021,5032,5037,5036,5041,5047,5042,5031,5020,5015,5021,5026,5025,5019,5014,5009,5004,5010,5021,5026,5031,5037,5043,5048,5042,5037,5043,5048,5042,5031,5026,5032,5043,5048,5042,5031,5025,5019,5014,5020,5031,5042,5047,5041,5030,5024,5029,5034,5033,5027,5022,5028,5039,5045,5046,5041,5035,5029,5018,5012,5006,5001,5002,5008,5014,5020,5026,5032,5043,5048,5047,5046,5051,5057,5058)
(10491,1,5059,5053,5048,5054,5059,5053,5042,5036,5030,5024,5018,5012,5006,5001,5007,5018,5023,5017,5011,5016,5022,5017,5012,5013,5014,5020,5031,5037,5043,5054,5059,5053,5048,5043,5032)
(10492,1,5046,5045,5039,5034,5040,5051,5057,5058,5059,5054,5043,5032,5021,5010)
(10493,1,5051,5045,5039,5034,5035,5036,5037,5043,5054,5059,5058,5052,5041,5036,5042,5047,5046,5040,5029,5024,5025,5031,5037,5043,5048,5047,5052,5057,5051,5045,5044,5049,5055,5056,5051,5045,5044,5038,5033,5028,5023,5024,5025,5031,5042,5047,5046,5051,5057,5052,5047,5048,5054,5059,5053,5048,5054,5059,5058,5052,5041,5036,5042,5053,5058,5052,5046,5040,5029,5018,5012,5017,5022,5016,5005,5000)
(10494,1,5011,5012,5007,5001,5000,5005,5016,5027,5038,5049,5055,5056,5057,5058,5059,5054,5043,5037,5031,5026,5021,5015,5009,5004,5010,5015,5014,5008,5003,5009,5014,5019,5030,5036,5042,5047)
(10495,1,5032,5037,5031,5025,5019,5014,5020,5026,5021,5010,5004,5003,5002,5007,5012,5011,5016,5027,5038,5044,5045,5051,5057,5058,5059)
(10496,1,5059,5054,5043,5032,5021,5015,5014,5008,5002,5001,5000,5005)
(10497,1,5020,5014,5008,5003,5004,5010,5021,5026,5020,5009,5003,5008,5014,5009,5004,5010,5015,5020,5025,5024,5018,5013,5019,5030,5036,5037,5043,5054)
(10498,1,5043,5037,5042,5048,5054,5059,5058,5052,5046,5040,5035,5041,5046,5040,5035,5041,5052,5057,5051,5046,5047,5048,5043,5037,5031,5026,5032,5037,5042,5053,5058,5052,5047,5042,5031,5025,5024,5023,5017,5012,5013,5014,5015,5021,5026,5020,5014,5008,5003,5004,5010,5015,5020,5026,5032,5037,5031,5026,5032,5037,5031,5020,5009,5003,5008,5014,5020,5031,5042,5048,5054,5059,5058,5052,5041,5030,5025,5031,5036,5030,5019,5008,5002)
(10499,1,5057,5056,5050,5045,5046,5052,5057,5051,5045,5044,5038,5033,5039,5044,5038,5033,5028,5017,5011,5016,5022,5023,5018)
(10500,1,5055,5056,5051,5040,5029,5018,5007,5002,5008,5013,5007,5002,5008,5013,5007,5002,5008,5019,5024,5023,5017,5006,5000,5005,5016)
(10501,1,5055,5056,5051,5046,5052,5057,5056,5055,5049,5038,5027,5022,5017,5012,5007,5002,5008)
(10502,1,5035,5030,5024,5023,5017,5012,5013,5014,5020,5026,5032,5043,5048,5042,5036,5030,5019,5014,5009,5003,5002)
(10503,1,5007,5001,5006,5011,5016,5027,5033,5034,5029,5024,5030,5035,5029,5018,5007,5001,5000,5005,5011,5012,5018,5023,5017,5012,5013,5008,5003,5004,5010,5015,5020,5025,5019,5013,5007,5001,5000,5005,5016,5022,5017,5006,5001,5007,5013,5019,5030,5041,5047,5042,5037,5043,5048,5047,5052,5058)
(10504,1,5026,5031,5037,5032,5026,5020,5015,5010,5004,5009,5015,5021,5032,5037,5036,5041,5046,5045,5044,5049,5055,5056,5051,5046,5047,5042,5036,5030,5025,5031,5037,5043,5048,5047,5046,5040,5029,5018,5013,5014,5020,5025,5030,5041,5052,5057,5051,5045,5050,5055,5049,5044,5039,5028,5023,5018,5013,5019,5025,5031,5042,5048,5054)
(10505,1,5004,5003,5002,5007,5013,5014,5009,5003,5008,5013,5012,5011,5016,5022,5017,5012,5007,5002,5003,5004,5010,5015,5009,5004,5010,5021,5032,5037,5036,5030,5019,5008,5003,5009,5015,5010,5004,5003,5008,5019,5024,5018,5013,5019,5025,5031,5037,5043,5048,5042,5037,5043,5054)
(10506,1,5015,5021,5026,5020,5014,5019,5024,5018,5013,5019,5025,5020,5015,5021,5026,5031,5037,5032,5026,5020,5015,5010,5004,5009,5014,5008,5002,5001,5006,5011,5016,5027,5038,5049,5055,5050,5044,5049,5055,5050,5045,5040,5034,5028,5023,5029,5034,5028,5023,5024,5025,5031,5037,5032,5026,5031,5037,5043)
(10507,1,5029,5023,5028,5033,5027,5016,5005,5000)
(10508,1,5050,5055,5049,5044,5039,5034,5040,5045,5039,5034,5035,5041,5047,5042,5037,5043,5054,5059,5058,5057,5051,5040,5035,5036,5042,5053,5059,5054,5043,5032,5021,5010,5004)
(10509,1,5027,5033,5039,5045,5046,5052,5058,5059,5054,5048,5042,5037,5032,5021,5015,5020,5031,5036,5030,5025,5026,5032,5037,5031,5025,5019,5013,5007,5001,5006,5017,5022,5027,5038,5049)
(10510,1,5018,5012,5011,5016,5022,5017,5012,5007,5001,5006,5012,5007,5002,5008,5019,5030,5035,5029,5018,5013,5019,5024,5018,5013,5019,5024,5018,5012,5006,5001,5002,5008,5014,5015,5010,5004,5009,5020,5025,5024,5018,5012,5017,5028,5033,5038,5044,5045,5051,5056,5055,5049,5044,5039,5034,5040,5051,5056,5050,5039,5034,5035,5041,5047,5053)
(10511,1,5051,5046,5047,5042,5037,5032,5021,5010,5004,5003,5002)